1
0.950289
0.950289
0.950288
0.950288
0.950287
0.950287
0.950286
0.950286
0.950285
0.950285
0.950284
0.950284
0.950284
0.950283
0.950283
0.950283
0.950282
0.950282
0.950281
0.950281
0.950281
0.95028
0.95028
0.950279
0.950279
0.950279
0.950278
0.950278
0.950277
0.950277
0.950277
0.950276
0.950276
0.950275
0.950275
0.950275
0.950274
0.950274
0.950273
0.950273
0.950273
0.950272
0.950272
0.950271
0.950271
0.950271
0.95027
0.95027
0.950269
0.950269
0.950269
0.950268
0.950268
0.950267
0.950267
0.950266
0.950266
0.950266
0.950265
0.950265
0.950264
0.950264
0.950264
0.950263
0.950263
0.950262
0.950262
0.950262
0.950261
0.950261
0.95026
0.95026
0.950259
0.950259
0.950259
0.950258
0.950258
0.950257
0.950257
0.950257
0.950256
0.950256
0.950255
0.950255
0.950254
0.950254
0.950254
0.950253
0.950253
0.950252
0.950252
0.950252
0.950251
0.950251
0.95025
0.95025
0.950249
0.950249
0.950249
0.950248
0.950248
0.950247
0.950247
0.950247
0.950246
0.950246
0.950245
0.950245
0.950244
0.950244
0.950244
0.950243
0.950243
0.950242
0.950242
0.950241
0.950241
0.950241
0.95024
0.95024
0.950239
0.950239
0.950239
0.950238
0.950238
0.950237
0.950237
0.950236
0.950236
0.950236
0.950235
0.950235
0.950234
0.950234
0.950234
0.950233
0.950233
0.950232
0.950232
0.950231
0.950231
0.950231
0.95023
0.95023
0.950229
0.950229
0.950229
0.950228
0.950228
0.950227
0.950227
0.950227
0.950226
0.950226
0.950225
0.950225
0.950224
0.950224
0.950224
0.950223
0.950223
0.950222
0.950222
0.950222
0.950221
0.950221
0.95022
0.95022
0.950219
0.950219
0.950219
0.950218
0.950218
0.950217
0.950217
0.950217
0.950216
0.950216
0.950215
0.950215
0.950214
0.950214
0.950214
0.950213
0.950213
0.950212
0.950212
0.950212
0.950211
0.950211
0.95021
0.95021
0.95021
0.950209
0.950209
0.950208
0.950208
0.950208
0.950207
0.950207
0.950206
0.950206
0.950205
0.950205
0.950205
0.950204
0.950204
0.950203
0.950203
0.950203
0.950202
0.950202
0.950201
0.950201
0.950201
0.9502
0.9502
0.950199
0.950199
0.950199
0.950198
0.950198
0.950197
0.950197
0.950196
0.950196
0.950196
0.950195
0.950195
0.950194
0.950194
0.950194
0.950193
0.950193
0.950192
0.950192
0.950192
0.950191
0.950191
0.95019
0.95019
0.95019
0.950189
0.950189
0.950188
0.950188
0.950188
0.950187
0.950187
0.950186
0.950186
0.950186
0.950185
0.950185
0.950184
0.950184
0.950184
0.950183
0.950183
0.950182
0.950182
0.950182
0.950181
0.950181
0.95018
0.95018
0.95018
0.950179
0.950179
0.950178
0.950178
0.950178
0.950177
0.950177
0.950176
0.950176
0.950176
0.950175
0.950175
0.950174
0.950174
0.950174
0.950173
0.950173
0.950172
0.950172
0.950172
0.950171
0.950171
0.95017
0.95017
0.95017
0.950169
0.950169
0.950168
0.950168
0.950168
0.950167
0.950167
0.950166
0.950166
0.950166
0.950165
0.950165
0.950164
0.950164
0.950164
0.950163
0.950163
0.950162
0.950162
0.950162
0.950161
0.950161
0.95016
0.95016
0.95016
0.950159
0.950159
0.950159
0.950158
0.950158
0.950157
0.950157
0.950157
0.950156
0.950156
0.950155
0.950155
0.950155
0.950154
0.950154
0.950153
0.950153
0.950153
0.950152
0.950152
0.950152
0.950151
0.950151
0.95015
0.95015
0.95015
0.950149
0.950149
0.950148
0.950148
0.950148
0.950147
0.950147
0.950146
0.950146
0.950146
0.950145
0.950145
0.950145
0.950144
0.950144
0.950143
0.950143
0.950143
0.950142
0.950142
0.950141
0.950141
0.950141
0.95014
0.95014
0.950139
0.950139
0.950139
0.950138
0.950138
0.950138
0.950137
0.950137
0.950136
0.950136
0.950136
0.950135
0.950135
0.950135
0.950134
0.950134
0.950133
0.950133
0.950133
0.950132
0.950132
0.950131
0.950131
0.950131
0.95013
0.95013
0.95013
0.950129
0.950129
0.950128
0.950128
0.950128
0.950127
0.950127
0.950127
0.950126
0.950126
0.950125
0.950125
0.950125
0.950124
0.950124
0.950124
0.950123
0.950123
0.950122
0.950122
0.950122
0.950121
0.950121
0.95012
0.95012
0.95012
0.950119
0.950119
0.950119
0.950118
0.950118
0.950117
0.950117
0.950117
0.950116
0.950116
0.950116
0.950115
0.950115
0.950114
0.950114
0.950114
0.950113
0.950113
0.950113
0.950112
0.950112
0.950112
0.950111
0.950111
0.95011
0.95011
0.95011
0.950109
0.950109
0.950109
0.950108
0.950108
0.950107
0.950107
0.950107
0.950106
0.950106
0.950106
0.950105
0.950105
0.950104
0.950104
0.950104
0.950103
0.950103
0.950103
0.950102
0.950102
0.950102
0.950101
0.950101
0.9501
0.9501
0.9501
0.950099
0.950099
0.950099
0.950098
0.950098
0.950097
0.950097
0.950097
0.950096
0.950096
0.950096
0.950095
0.950095
0.950095
0.950094
0.950094
0.950093
0.950093
0.950093
0.950092
0.950092
0.950092
0.950091
0.950091
0.950091
0.95009
0.95009
0.950089
0.950089
0.950089
0.950088
0.950088
0.950088
0.950087
0.950087
0.950087
0.950086
0.950086
0.950086
0.950085
0.950085
0.950084
0.950084
0.950084
0.950083
0.950083
0.950083
0.950082
0.950082
0.950082
0.950081
0.950081
0.95008
0.95008
0.95008
0.950079
0.950079
0.950079
0.950078
0.950078
0.950078
0.950077
0.950077
0.950077
0.950076
0.950076
0.950075
0.950075
0.950075
0.950074
0.950074
0.950074
0.950073
0.950073
0.950073
0.950072
0.950072
0.950072
0.950071
0.950071
0.950071
0.95007
0.95007
0.950069
0.950069
0.950069
0.950068
0.950068
0.950068
0.950067
0.950067
0.950067
0.950066
0.950066
0.950066
0.950065
0.950065
0.950065
0.950064
0.950064
0.950063
0.950063
0.950063
0.950062
0.950062
0.950062
0.950061
0.950061
0.950061
0.95006
0.95006
0.95006
0.950059
0.950059
0.950059
0.950058
0.950058
0.950058
0.950057
0.950057
0.950057
0.950056
0.950056
0.950055
0.950055
0.950055
0.950054
0.950054
0.950054
0.950053
0.950053
0.950053
0.950052
0.950052
0.950052
0.950051
0.950051
0.950051
0.95005
0.95005
0.95005
0.950049
0.950049
0.950049
0.950048
0.950048
0.950048
0.950047
0.950047
0.950046
0.950046
0.950046
0.950045
0.950045
0.950045
0.950044
0.950044
0.950044
0.950043
0.950043
0.950043
0.950042
0.950042
0.950042
0.950041
0.950041
0.950041
0.95004
0.95004
0.95004
0.950039
0.950039
0.950039
0.950038
0.950038
0.950038
0.950037
0.950037
0.950037
0.950036
0.950036
0.950036
0.950035
0.950035
0.950035
0.950034
0.950034
0.950034
0.950033
0.950033
0.950033
0.950032
0.950032
0.950032
0.950031
0.950031
0.950031
0.95003
0.95003
0.95003
0.950029
0.950029
0.950029
0.950028
0.950028
0.950028
0.950027
0.950027
0.950027
0.950026
0.950026
0.950026
0.950025
0.950025
0.950025
0.950024
0.950024
0.950024
0.950023
0.950023
0.950023
0.950022
0.950022
0.950022
0.950021
0.950021
0.950021
0.95002
0.95002
0.95002
0.950019
0.950019
0.950019
0.950018
0.950018
0.950018
0.950017
0.950017
0.950017
0.950016
0.950016
0.950016
0.950015
0.950015
0.950015
0.950014
0.950014
0.950014
0.950013
0.950013
0.950013
0.950012
0.950012
0.950012
0.950011
0.950011
0.950011
0.95001
0.95001
0.95001
0.950009
0.950009
0.950009
0.950008
0.950008
0.950008
0.950008
0.950007
0.950007
0.950007
0.950006
0.950006
0.950006
0.950005
0.950005
0.950005
0.950004
0.950004
0.950004
0.950003
0.950003
0.950003
0.950002
0.950002
0.950002
0.950001
0.950001
0.950001
0.95
0.95
0.95
0.949999
0.949999
0.949999
0.949999
0.949998
0.949998
0.949998
0.949997
0.949997
0.949997
0.949996
0.949996
0.949996
0.949995
0.949995
0.949995
0.949994
0.949994
0.949994
0.949993
0.949993
0.949993
0.949992
0.949992
0.949992
0.949992
0.949991
0.949991
0.949991
0.94999
0.94999
0.94999
0.949989
0.949989
0.949989
0.949988
0.949988
0.949988
0.949987
0.949987
0.949987
0.949986
0.949986
0.949986
0.949986
0.949985
0.949985
0.949985
0.949984
0.949984
0.949984
0.949983
0.949983
0.949983
0.949982
0.949982
0.949982
0.949981
0.949981
0.949981
0.949981
0.94998
0.94998
0.94998
0.949979
0.949979
0.949979
0.949978
0.949978
0.949978
0.949977
0.949977
0.949977
0.949977
0.949976
0.949976
0.949976
0.949975
0.949975
0.949975
0.949974
0.949974
0.949974
0.949973
0.949973
0.949973
0.949972
0.949972
0.949972
0.949972
0.949971
0.949971
0.949971
0.94997
0.94997
0.94997
0.949969
0.949969
0.949969
0.949969
0.949968
0.949968
0.949968
0.949967
0.949967
0.949967
0.949966
0.949966
0.949966
0.949965
0.949965
0.949965
0.949965
0.949964
0.949964
0.949964
0.949963
0.949963
0.949963
0.949962
0.949962
0.949962
0.949962
0.949961
0.949961
0.949961
0.94996
0.94996
0.94996
0.949959
0.949959
0.949959
0.949959
0.949958
0.949958
0.949958
0.949957
0.949957
0.949957
0.949956
0.949956
0.949956
0.949956
0.949955
0.949955
0.949955
0.949954
0.949954
0.949954
0.949953
0.949953
0.949953
0.949953
0.949952
0.949952
0.949952
0.949951
0.949951
0.949951
0.94995
0.94995
0.94995
0.94995
0.949949
0.949949
0.949949
0.949948
0.949948
0.949948
0.949948
0.949947
0.949947
0.949947
0.949946
0.949946
0.949946
0.949945
0.949945
0.949945
0.949945
0.949944
0.949944
0.949944
0.949943
0.949943
0.949943
0.949943
0.949942
0.949942
0.949942
0.949941
0.949941
0.949941
0.94994
0.94994
0.94994
0.94994
0.949939
0.949939
0.949939
0.949938
0.949938
0.949938
0.949938
0.949937
0.949937
0.949937
0.949936
0.949936
0.949936
0.949936
0.949935
0.949935
0.949935
0.949934
0.949934
0.949934
0.949934
0.949933
0.949933
0.949933
0.949932
0.949932
0.949932
0.949931
0.949931
0.949931
0.949931
0.94993
0.94993
0.94993
0.94993
0.949929
0.949929
0.949929
0.949928
0.949928
0.949928
0.949927
0.949927
0.949927
0.949927
0.949926
0.949926
0.949926
0.949926
0.949925
0.949925
0.949925
0.949924
0.949924
0.949924
0.949924
0.949923
0.949923
0.949923
0.949922
0.949922
0.949922
0.949922
0.949921
0.949921
0.949921
0.94992
0.94992
0.94992
0.94992
0.949919
0.949919
0.949919
0.949918
0.949918
0.949918
0.949918
0.949917
0.949917
0.949917
0.949916
0.949916
0.949916
0.949916
0.949915
0.949915
0.949915
0.949915
0.949914
0.949914
0.949914
0.949913
0.949913
0.949913
0.949913
0.949912
0.949912
0.949912
0.949911
0.949911
0.949911
0.949911
0.94991
0.94991
0.94991
0.94991
0.949909
0.949909
0.949909
0.949908
0.949908
0.949908
0.949908
0.949907
0.949907
0.949907
0.949906
0.949906
0.949906
0.949906
0.949905
0.949905
0.949905
0.949905
0.949904
0.949904
0.949904
0.949903
0.949903
0.949903
0.949903
0.949902
0.949902
0.949902
0.949902
0.949901
0.949901
0.949901
0.9499
0.9499
0.9499
0.9499
0.949899
0.949899
0.949899
0.949899
0.949898
0.949898
0.949898
0.949897
0.949897
0.949897
0.949897
0.949896
0.949896
0.949896
0.949896
0.949895
0.949895
0.949895
0.949895
0.949894
0.949894
0.949894
0.949893
0.949893
0.949893
0.949893
0.949892
0.949892
0.949892
0.949892
0.949891
0.949891
0.949891
0.94989
0.94989
0.94989
0.94989
0.949889
0.949889
0.949889
0.949889
0.949888
0.949888
0.949888
0.949888
0.949887
0.949887
0.949887
0.949887
0.949886
0.949886
0.949886
0.949885
0.949885
0.949885
0.949885
0.949884
0.949884
0.949884
0.949884
0.949883
0.949883
0.949883
0.949883
0.949882
0.949882
0.949882
0.949881
0.949881
0.949881
0.949881
0.94988
0.94988
0.94988
0.94988
0.949879
0.949879
0.949879
0.949879
0.949878
0.949878
0.949878
0.949878
0.949877
0.949877
0.949877
0.949877
0.949876
0.949876
0.949876
0.949875
0.949875
0.949875
0.949875
0.949874
0.949874
0.949874
0.949874
0.949873
0.949873
0.949873
0.949873
0.949872
0.949872
0.949872
0.949872
0.949871
0.949871
0.949871
0.949871
0.94987
0.94987
0.94987
0.94987
0.949869
0.949869
0.949869
0.949868
0.949868
0.949868
0.949868
0.949867
0.949867
0.949867
0.949867
0.949866
0.949866
0.949866
0.949866
0.949865
0.949865
0.949865
0.949865
0.949864
0.949864
0.949864
0.949864
0.949863
0.949863
0.949863
0.949863
0.949862
0.949862
0.949862
0.949862
0.949861
0.949861
0.949861
0.949861
0.94986
0.94986
0.94986
0.94986
0.949859
0.949859
0.949859
0.949859
0.949858
0.949858
0.949858
0.949858
0.949857
0.949857
0.949857
0.949857
0.949856
0.949856
0.949856
0.949856
0.949855
0.949855
0.949855
0.949855
0.949854
0.949854
0.949854
0.949854
0.949853
0.949853
0.949853
0.949853
0.949852
0.949852
0.949852
0.949852
0.949851
0.949851
0.949851
0.949851
0.94985
0.94985
0.94985
0.94985
0.949849
0.949849
0.949849
0.949849
0.949848
0.949848
0.949848
0.949848
0.949847
0.949847
0.949847
0.949847
0.949846
0.949846
0.949846
0.949846
0.949845
0.949845
0.949845
0.949845
0.949844
0.949844
0.949844
0.949844
0.949843
0.949843
0.949843
0.949843
0.949843
0.949842
0.949842
0.949842
0.949842
0.949841
0.949841
0.949841
0.949841
0.94984
0.94984
0.94984
0.94984
0.949839
0.949839
0.949839
0.949839
0.949838
0.949838
0.949838
0.949838
0.949837
0.949837
0.949837
0.949837
0.949836
0.949836
0.949836
0.949836
0.949836
0.949835
0.949835
0.949835
0.949835
0.949834
0.949834
0.949834
0.949834
0.949833
0.949833
0.949833
0.949833
0.949832
0.949832
0.949832
0.949832
0.949831
0.949831
0.949831
0.949831
0.94983
0.94983
0.94983
0.94983
0.94983
0.949829
0.949829
0.949829
0.949829
0.949828
0.949828
0.949828
0.949828
0.949827
0.949827
0.949827
0.949827
0.949826
0.949826
0.949826
0.949826
0.949826
0.949825
0.949825
0.949825
0.949825
0.949824
0.949824
0.949824
0.949824
0.949823
0.949823
0.949823
0.949823
0.949822
0.949822
0.949822
0.949822
0.949822
0.949821
0.949821
0.949821
0.949821
0.94982
0.94982
0.94982
0.94982
0.949819
0.949819
0.949819
0.949819
0.949819
0.949818
0.949818
0.949818
0.949818
0.949817
0.949817
0.949817
0.949817
0.949816
0.949816
0.949816
0.949816
0.949816
0.949815
0.949815
0.949815
0.949815
0.949814
0.949814
0.949814
0.949814
0.949813
0.949813
0.949813
0.949813
0.949813
0.949812
0.949812
0.949812
0.949812
0.949811
0.949811
0.949811
0.949811
0.94981
0.94981
0.94981
0.94981
0.94981
0.949809
0.949809
0.949809
0.949809
0.949808
0.949808
0.949808
0.949808
0.949808
0.949807
0.949807
0.949807
0.949807
0.949806
0.949806
0.949806
0.949806
0.949805
0.949805
0.949805
0.949805
0.949805
0.949804
0.949804
0.949804
0.949804
0.949803
0.949803
0.949803
0.949803
0.949803
0.949802
0.949802
0.949802
0.949802
0.949801
0.949801
0.949801
0.949801
0.949801
0.9498
0.9498
0.9498
0.9498
0.949799
0.949799
0.949799
0.949799
0.949799
0.949798
0.949798
0.949798
0.949798
0.949797
0.949797
0.949797
0.949797
0.949797
0.949796
0.949796
0.949796
0.949796
0.949795
0.949795
0.949795
0.949795
0.949795
0.949794
0.949794
0.949794
0.949794
0.949793
0.949793
0.949793
0.949793
0.949793
0.949792
0.949792
0.949792
0.949792
0.949792
0.949791
0.949791
0.949791
0.949791
0.94979
0.94979
0.94979
0.94979
0.94979
0.949789
0.949789
0.949789
0.949789
0.949788
0.949788
0.949788
0.949788
0.949788
0.949787
0.949787
0.949787
0.949787
0.949787
0.949786
0.949786
0.949786
0.949786
0.949785
0.949785
0.949785
0.949785
0.949785
0.949784
0.949784
0.949784
0.949784
0.949784
0.949783
0.949783
0.949783
0.949783
0.949782
0.949782
0.949782
0.949782
0.949782
0.949781
0.949781
0.949781
0.949781
0.949781
0.94978
0.94978
0.94978
0.94978
0.949779
0.949779
0.949779
0.949779
0.949779
0.949778
0.949778
0.949778
0.949778
0.949778
0.949777
0.949777
0.949777
0.949777
0.949777
0.949776
0.949776
0.949776
0.949776
0.949775
0.949775
0.949775
0.949775
0.949775
0.949774
0.949774
0.949774
0.949774
0.949774
0.949773
0.949773
0.949773
0.949773
0.949773
0.949772
0.949772
0.949772
0.949772
0.949771
0.949771
0.949771
0.949771
0.949771
0.94977
0.94977
0.94977
0.94977
0.94977
0.949769
0.949769
0.949769
0.949769
0.949769
0.949768
0.949768
0.949768
0.949768
0.949768
0.949767
0.949767
0.949767
0.949767
0.949767
0.949766
0.949766
0.949766
0.949766
0.949765
0.949765
0.949765
0.949765
0.949765
0.949764
0.949764
0.949764
0.949764
0.949764
0.949763
0.949763
0.949763
0.949763
0.949763
0.949762
0.949762
0.949762
0.949762
0.949762
0.949761
0.949761
0.949761
0.949761
0.949761
0.94976
0.94976
0.94976
0.94976
0.94976
0.949759
0.949759
0.949759
0.949759
0.949759
0.949758
0.949758
0.949758
0.949758
0.949758
0.949757
0.949757
0.949757
0.949757
0.949757
0.949756
0.949756
0.949756
0.949756
0.949756
0.949755
0.949755
0.949755
0.949755
0.949755
0.949754
0.949754
0.949754
0.949754
0.949754
0.949753
0.949753
0.949753
0.949753
0.949753
0.949752
0.949752
0.949752
0.949752
0.949752
0.949751
0.949751
0.949751
0.949751
0.949751
0.94975
0.94975
0.94975
0.94975
0.94975
0.949749
0.949749
0.949749
0.949749
0.949749
0.949748
0.949748
0.949748
0.949748
0.949748
0.949747
0.949747
0.949747
0.949747
0.949747
0.949746
0.949746
0.949746
0.949746
0.949746
0.949745
0.949745
0.949745
0.949745
0.949745
0.949744
0.949744
0.949744
0.949744
0.949744
0.949743
0.949743
0.949743
0.949743
0.949743
0.949743
0.949742
0.949742
0.949742
0.949742
0.949742
0.949741
0.949741
0.949741
0.949741
0.949741
0.94974
0.94974
0.94974
0.94974
0.94974
0.949739
0.949739
0.949739
0.949739
0.949739
0.949738
0.949738
0.949738
0.949738
0.949738
0.949738
0.949737
0.949737
0.949737
0.949737
0.949737
0.949736
0.949736
0.949736
0.949736
0.949736
0.949735
0.949735
0.949735
0.949735
0.949735
0.949734
0.949734
0.949734
0.949734
0.949734
0.949734
0.949733
0.949733
0.949733
0.949733
0.949733
0.949732
0.949732
0.949732
0.949732
0.949732
0.949731
0.949731
0.949731
0.949731
0.949731
0.94973
0.94973
0.94973
0.94973
0.94973
0.94973
0.949729
0.949729
0.949729
0.949729
0.949729
0.949728
0.949728
0.949728
0.949728
0.949728
0.949727
0.949727
0.949727
0.949727
0.949727
0.949727
0.949726
0.949726
0.949726
0.949726
0.949726
0.949725
0.949725
0.949725
0.949725
0.949725
0.949725
0.949724
0.949724
0.949724
0.949724
0.949724
0.949723
0.949723
0.949723
0.949723
0.949723
0.949723
0.949722
0.949722
0.949722
0.949722
0.949722
0.949721
0.949721
0.949721
0.949721
0.949721
0.94972
0.94972
0.94972
0.94972
0.94972
0.94972
0.949719
0.949719
0.949719
0.949719
0.949719
0.949718
0.949718
0.949718
0.949718
0.949718
0.949718
0.949717
0.949717
0.949717
0.949717
0.949717
0.949716
0.949716
0.949716
0.949716
0.949716
0.949716
0.949715
0.949715
0.949715
0.949715
0.949715
0.949715
0.949714
0.949714
0.949714
0.949714
0.949714
0.949713
0.949713
0.949713
0.949713
0.949713
0.949713
0.949712
0.949712
0.949712
0.949712
0.949712
0.949711
0.949711
0.949711
0.949711
0.949711
0.949711
0.94971
0.94971
0.94971
0.94971
0.94971
0.94971
0.949709
0.949709
0.949709
0.949709
0.949709
0.949708
0.949708
0.949708
0.949708
0.949708
0.949708
0.949707
0.949707
0.949707
0.949707
0.949707
0.949706
0.949706
0.949706
0.949706
0.949706
0.949706
0.949705
0.949705
0.949705
0.949705
0.949705
0.949705
0.949704
0.949704
0.949704
0.949704
0.949704
0.949704
0.949703
0.949703
0.949703
0.949703
0.949703
0.949702
0.949702
0.949702
0.949702
0.949702
0.949702
0.949701
0.949701
0.949701
0.949701
0.949701
0.949701
0.9497
0.9497
0.9497
0.9497
0.9497
0.9497
0.949699
0.949699
0.949699
0.949699
0.949699
0.949698
0.949698
0.949698
0.949698
0.949698
0.949698
0.949697
0.949697
0.949697
0.949697
0.949697
0.949697
0.949696
0.949696
0.949696
0.949696
0.949696
0.949696
0.949695
0.949695
0.949695
0.949695
0.949695
0.949695
0.949694
0.949694
0.949694
0.949694
0.949694
0.949694
0.949693
0.949693
0.949693
0.949693
0.949693
0.949693
0.949692
0.949692
0.949692
0.949692
0.949692
0.949692
0.949691
0.949691
0.949691
0.949691
0.949691
0.949691
0.94969
0.94969
0.94969
0.94969
0.94969
0.94969
0.949689
0.949689
0.949689
0.949689
0.949689
0.949689
0.949688
0.949688
0.949688
0.949688
0.949688
0.949688
0.949687
0.949687
0.949687
0.949687
0.949687
0.949687
0.949686
0.949686
0.949686
0.949686
0.949686
0.949686
0.949685
0.949685
0.949685
0.949685
0.949685
0.949685
0.949684
0.949684
0.949684
0.949684
0.949684
0.949684
0.949683
0.949683
0.949683
0.949683
0.949683
0.949683
0.949682
0.949682
0.949682
0.949682
0.949682
0.949682
0.949681
0.949681
0.949681
0.949681
0.949681
0.949681
0.94968
0.94968
0.94968
0.94968
0.94968
0.94968
0.949679
0.949679
0.949679
0.949679
0.949679
0.949679
0.949678
0.949678
0.949678
0.949678
0.949678
0.949678
0.949677
0.949677
0.949677
0.949677
0.949677
0.949677
0.949677
0.949676
0.949676
0.949676
0.949676
0.949676
0.949676
0.949675
0.949675
0.949675
0.949675
0.949675
0.949675
0.949674
0.949674
0.949674
0.949674
0.949674
0.949674
0.949673
0.949673
0.949673
0.949673
0.949673
0.949673
0.949673
0.949672
0.949672
0.949672
0.949672
0.949672
0.949672
0.949671
0.949671
0.949671
0.949671
0.949671
0.949671
0.94967
0.94967
0.94967
0.94967
0.94967
0.94967
0.94967
0.949669
0.949669
0.949669
0.949669
0.949669
0.949669
0.949668
0.949668
0.949668
0.949668
0.949668
0.949668
0.949667
0.949667
0.949667
0.949667
0.949667
0.949667
0.949667
0.949666
0.949666
0.949666
0.949666
0.949666
0.949666
0.949665
0.949665
0.949665
0.949665
0.949665
0.949665
0.949665
0.949664
0.949664
0.949664
0.949664
0.949664
0.949664
0.949663
0.949663
0.949663
0.949663
0.949663
0.949663
0.949663
0.949662
0.949662
0.949662
0.949662
0.949662
0.949662
0.949661
0.949661
0.949661
0.949661
0.949661
0.949661
0.949661
0.94966
0.94966
0.94966
0.94966
0.94966
0.94966
0.949659
0.949659
0.949659
0.949659
0.949659
0.949659
0.949659
0.949658
0.949658
0.949658
0.949658
0.949658
0.949658
0.949657
0.949657
0.949657
0.949657
0.949657
0.949657
0.949657
0.949656
0.949656
0.949656
0.949656
0.949656
0.949656
0.949656
0.949655
0.949655
0.949655
0.949655
0.949655
0.949655
0.949654
0.949654
0.949654
0.949654
0.949654
0.949654
0.949654
0.949653
0.949653
0.949653
0.949653
0.949653
0.949653
0.949653
0.949652
0.949652
0.949652
0.949652
0.949652
0.949652
0.949651
0.949651
0.949651
0.949651
0.949651
0.949651
0.949651
0.94965
0.94965
0.94965
0.94965
0.94965
0.94965
0.94965
0.949649
0.949649
0.949649
0.949649
0.949649
0.949649
0.949649
0.949648
0.949648
0.949648
0.949648
0.949648
0.949648
0.949648
0.949647
0.949647
0.949647
0.949647
0.949647
0.949647
0.949646
0.949646
0.949646
0.949646
0.949646
0.949646
0.949646
0.949645
0.949645
0.949645
0.949645
0.949645
0.949645
0.949645
0.949644
0.949644
0.949644
0.949644
0.949644
0.949644
0.949644
0.949643
0.949643
0.949643
0.949643
0.949643
0.949643
0.949643
0.949642
0.949642
0.949642
0.949642
0.949642
0.949642
0.949642
0.949641
0.949641
0.949641
0.949641
0.949641
0.949641
0.949641
0.94964
0.94964
0.94964
0.94964
0.94964
0.94964
0.94964
0.949639
0.949639
0.949639
0.949639
0.949639
0.949639
0.949639
0.949638
0.949638
0.949638
0.949638
0.949638
0.949638
0.949638
0.949637
0.949637
0.949637
0.949637
0.949637
0.949637
0.949637
0.949636
0.949636
0.949636
0.949636
0.949636
0.949636
0.949636
0.949635
0.949635
0.949635
0.949635
0.949635
0.949635
0.949635
0.949634
0.949634
0.949634
0.949634
0.949634
0.949634
0.949634
0.949634
0.949633
0.949633
0.949633
0.949633
0.949633
0.949633
0.949633
0.949632
0.949632
0.949632
0.949632
0.949632
0.949632
0.949632
0.949631
0.949631
0.949631
0.949631
0.949631
0.949631
0.949631
0.94963
0.94963
0.94963
0.94963
0.94963
0.94963
0.94963
0.94963
0.949629
0.949629
0.949629
0.949629
0.949629
0.949629
0.949629
0.949628
0.949628
0.949628
0.949628
0.949628
0.949628
0.949628
0.949627
0.949627
0.949627
0.949627
0.949627
0.949627
0.949627
0.949626
0.949626
0.949626
0.949626
0.949626
0.949626
0.949626
0.949626
0.949625
0.949625
0.949625
0.949625
0.949625
0.949625
0.949625
0.949624
0.949624
0.949624
0.949624
0.949624
0.949624
0.949624
0.949624
0.949623
0.949623
0.949623
0.949623
0.949623
0.949623
0.949623
0.949622
0.949622
0.949622
0.949622
0.949622
0.949622
0.949622
0.949622
0.949621
0.949621
0.949621
0.949621
0.949621
0.949621
0.949621
0.94962
0.94962
0.94962
0.94962
0.94962
0.94962
0.94962
0.94962
0.949619
0.949619
0.949619
0.949619
0.949619
0.949619
0.949619
0.949618
0.949618
0.949618
0.949618
0.949618
0.949618
0.949618
0.949618
0.949617
0.949617
0.949617
0.949617
0.949617
0.949617
0.949617
0.949617
0.949616
0.949616
0.949616
0.949616
0.949616
0.949616
0.949616
0.949615
0.949615
0.949615
0.949615
0.949615
0.949615
0.949615
0.949615
0.949614
0.949614
0.949614
0.949614
0.949614
0.949614
0.949614
0.949614
0.949613
0.949613
0.949613
0.949613
0.949613
0.949613
0.949613
0.949612
0.949612
0.949612
0.949612
0.949612
0.949612
0.949612
0.949612
0.949611
0.949611
0.949611
0.949611
0.949611
0.949611
0.949611
0.949611
0.94961
0.94961
0.94961
0.94961
0.94961
0.94961
0.94961
0.94961
0.949609
0.949609
0.949609
0.949609
0.949609
0.949609
0.949609
0.949609
0.949608
0.949608
0.949608
0.949608
0.949608
0.949608
0.949608
0.949608
0.949607
0.949607
0.949607
0.949607
0.949607
0.949607
0.949607
0.949606
0.949606
0.949606
0.949606
0.949606
0.949606
0.949606
0.949606
0.949605
0.949605
0.949605
0.949605
0.949605
0.949605
0.949605
0.949605
0.949604
0.949604
0.949604
0.949604
0.949604
0.949604
0.949604
0.949604
0.949603
0.949603
0.949603
0.949603
0.949603
0.949603
0.949603
0.949603
0.949603
0.949602
0.949602
0.949602
0.949602
0.949602
0.949602
0.949602
0.949602
0.949601
0.949601
0.949601
0.949601
0.949601
0.949601
0.949601
0.949601
0.9496
0.9496
0.9496
0.9496
0.9496
0.9496
0.9496
0.9496
0.949599
0.949599
0.949599
0.949599
0.949599
0.949599
0.949599
0.949599
0.949598
0.949598
0.949598
0.949598
0.949598
0.949598
0.949598
0.949598
0.949597
0.949597
0.949597
0.949597
0.949597
0.949597
0.949597
0.949597
0.949597
0.949596
0.949596
0.949596
0.949596
0.949596
0.949596
0.949596
0.949596
0.949595
0.949595
0.949595
0.949595
0.949595
0.949595
0.949595
0.949595
0.949594
0.949594
0.949594
0.949594
0.949594
0.949594
0.949594
0.949594
0.949594
0.949593
0.949593
0.949593
0.949593
0.949593
0.949593
0.949593
0.949593
0.949592
0.949592
0.949592
0.949592
0.949592
0.949592
0.949592
0.949592
0.949591
0.949591
0.949591
0.949591
0.949591
0.949591
0.949591
0.949591
0.949591
0.94959
0.94959
0.94959
0.94959
0.94959
0.94959
0.94959
0.94959
0.949589
0.949589
0.949589
0.949589
0.949589
0.949589
0.949589
0.949589
0.949589
0.949588
0.949588
0.949588
0.949588
0.949588
0.949588
0.949588
0.949588
0.949588
0.949587
0.949587
0.949587
0.949587
0.949587
0.949587
0.949587
0.949587
0.949586
0.949586
0.949586
0.949586
0.949586
0.949586
0.949586
0.949586
0.949586
0.949585
0.949585
0.949585
0.949585
0.949585
0.949585
0.949585
0.949585
0.949584
0.949584
0.949584
0.949584
0.949584
0.949584
0.949584
0.949584
0.949584
0.949583
0.949583
0.949583
0.949583
0.949583
0.949583
0.949583
0.949583
0.949583
0.949582
0.949582
0.949582
0.949582
0.949582
0.949582
0.949582
0.949582
0.949582
0.949581
0.949581
0.949581
0.949581
0.949581
0.949581
0.949581
0.949581
0.949581
0.94958
0.94958
0.94958
0.94958
0.94958
0.94958
0.94958
0.94958
0.94958
0.949579
0.949579
0.949579
0.949579
0.949579
0.949579
0.949579
0.949579
0.949579
0.949578
0.949578
0.949578
0.949578
0.949578
0.949578
0.949578
0.949578
0.949577
0.949577
0.949577
0.949577
0.949577
0.949577
0.949577
0.949577
0.949577
0.949577
0.949576
0.949576
0.949576
0.949576
0.949576
0.949576
0.949576
0.949576
0.949576
0.949575
0.949575
0.949575
0.949575
0.949575
0.949575
0.949575
0.949575
0.949575
0.949574
0.949574
0.949574
0.949574
0.949574
0.949574
0.949574
0.949574
0.949574
0.949573
0.949573
0.949573
0.949573
0.949573
0.949573
0.949573
0.949573
0.949573
0.949572
0.949572
0.949572
0.949572
0.949572
0.949572
0.949572
0.949572
0.949572
0.949571
0.949571
0.949571
0.949571
0.949571
0.949571
0.949571
0.949571
0.949571
0.94957
0.94957
0.94957
0.94957
0.94957
0.94957
0.94957
0.94957
0.94957
0.94957
0.949569
0.949569
0.949569
0.949569
0.949569
0.949569
0.949569
0.949569
0.949569
0.949568
0.949568
0.949568
0.949568
0.949568
0.949568
0.949568
0.949568
0.949568
0.949567
0.949567
0.949567
0.949567
0.949567
0.949567
0.949567
0.949567
0.949567
0.949567
0.949566
0.949566
0.949566
0.949566
0.949566
0.949566
0.949566
0.949566
0.949566
0.949565
0.949565
0.949565
0.949565
0.949565
0.949565
0.949565
0.949565
0.949565
0.949565
0.949564
0.949564
0.949564
0.949564
0.949564
0.949564
0.949564
0.949564
0.949564
0.949563
0.949563
0.949563
0.949563
0.949563
0.949563
0.949563
0.949563
0.949563
0.949563
0.949562
0.949562
0.949562
0.949562
0.949562
0.949562
0.949562
0.949562
0.949562
0.949562
0.949561
0.949561
0.949561
0.949561
0.949561
0.949561
0.949561
0.949561
0.949561
0.949561
0.94956
0.94956
0.94956
0.94956
0.94956
0.94956
0.94956
0.94956
0.94956
0.949559
0.949559
0.949559
0.949559
0.949559
0.949559
0.949559
0.949559
0.949559
0.949559
0.949558
0.949558
0.949558
0.949558
0.949558
0.949558
0.949558
0.949558
0.949558
0.949558
0.949557
0.949557
0.949557
0.949557
0.949557
0.949557
0.949557
0.949557
0.949557
0.949557
0.949556
0.949556
0.949556
0.949556
0.949556
0.949556
0.949556
0.949556
0.949556
0.949556
0.949555
0.949555
0.949555
0.949555
0.949555
0.949555
0.949555
0.949555
0.949555
0.949555
0.949554
0.949554
0.949554
0.949554
0.949554
0.949554
0.949554
0.949554
0.949554
0.949554
0.949553
0.949553
0.949553
0.949553
0.949553
0.949553
0.949553
0.949553
0.949553
0.949553
0.949552
0.949552
0.949552
0.949552
0.949552
0.949552
0.949552
0.949552
0.949552
0.949552
0.949551
0.949551
0.949551
0.949551
0.949551
0.949551
0.949551
0.949551
0.949551
0.949551
0.94955
0.94955
0.94955
0.94955
0.94955
0.94955
0.94955
0.94955
0.94955
0.94955
0.94955
0.949549
0.949549
0.949549
0.949549
0.949549
0.949549
0.949549
0.949549
0.949549
0.949549
0.949548
0.949548
0.949548
0.949548
0.949548
0.949548
0.949548
0.949548
0.949548
0.949548
0.949547
0.949547
0.949547
0.949547
0.949547
0.949547
0.949547
0.949547
0.949547
0.949547
0.949547
0.949546
0.949546
0.949546
0.949546
0.949546
0.949546
0.949546
0.949546
0.949546
0.949546
0.949545
0.949545
0.949545
0.949545
0.949545
0.949545
0.949545
0.949545
0.949545
0.949545
0.949545
0.949544
0.949544
0.949544
0.949544
0.949544
0.949544
0.949544
0.949544
0.949544
0.949544
0.949543
0.949543
0.949543
0.949543
0.949543
0.949543
0.949543
0.949543
0.949543
0.949543
0.949543
0.949542
0.949542
0.949542
0.949542
0.949542
0.949542
0.949542
0.949542
0.949542
0.949542
0.949542
0.949541
0.949541
0.949541
0.949541
0.949541
0.949541
0.949541
0.949541
0.949541
0.949541
0.949541
0.94954
0.94954
0.94954
0.94954
0.94954
0.94954
0.94954
0.94954
0.94954
0.94954
0.949539
0.949539
0.949539
0.949539
0.949539
0.949539
0.949539
0.949539
0.949539
0.949539
0.949539
0.949538
0.949538
0.949538
0.949538
0.949538
0.949538
0.949538
0.949538
0.949538
0.949538
0.949538
0.949537
0.949537
0.949537
0.949537
0.949537
0.949537
0.949537
0.949537
0.949537
0.949537
0.949537
0.949536
0.949536
0.949536
0.949536
0.949536
0.949536
0.949536
0.949536
0.949536
0.949536
0.949536
0.949535
0.949535
0.949535
0.949535
0.949535
0.949535
0.949535
0.949535
0.949535
0.949535
0.949535
0.949534
0.949534
0.949534
0.949534
0.949534
0.949534
0.949534
0.949534
0.949534
0.949534
0.949534
0.949534
0.949533
0.949533
0.949533
0.949533
0.949533
0.949533
0.949533
0.949533
0.949533
0.949533
0.949533
0.949532
0.949532
0.949532
0.949532
0.949532
0.949532
0.949532
0.949532
0.949532
0.949532
0.949532
0.949531
0.949531
0.949531
0.949531
0.949531
0.949531
0.949531
0.949531
0.949531
0.949531
0.949531
0.949531
0.94953
0.94953
0.94953
0.94953
0.94953
0.94953
0.94953
0.94953
0.94953
0.94953
0.94953
0.949529
0.949529
0.949529
0.949529
0.949529
0.949529
0.949529
0.949529
0.949529
0.949529
0.949529
0.949529
0.949528
0.949528
0.949528
0.949528
0.949528
0.949528
0.949528
0.949528
0.949528
0.949528
0.949528
0.949527
0.949527
0.949527
0.949527
0.949527
0.949527
0.949527
0.949527
0.949527
0.949527
0.949527
0.949527
0.949526
0.949526
0.949526
0.949526
0.949526
0.949526
0.949526
0.949526
0.949526
0.949526
0.949526
0.949526
0.949525
0.949525
0.949525
0.949525
0.949525
0.949525
0.949525
0.949525
0.949525
0.949525
0.949525
0.949524
0.949524
0.949524
0.949524
0.949524
0.949524
0.949524
0.949524
0.949524
0.949524
0.949524
0.949524
0.949523
0.949523
0.949523
0.949523
0.949523
0.949523
0.949523
0.949523
0.949523
0.949523
0.949523
0.949523
0.949522
0.949522
0.949522
0.949522
0.949522
0.949522
0.949522
0.949522
0.949522
0.949522
0.949522
0.949522
0.949521
0.949521
0.949521
0.949521
0.949521
0.949521
0.949521
0.949521
0.949521
0.949521
0.949521
0.949521
0.94952
0.94952
0.94952
0.94952
0.94952
0.94952
0.94952
0.94952
0.94952
0.94952
0.94952
0.94952
0.949519
0.949519
0.949519
0.949519
0.949519
0.949519
0.949519
0.949519
0.949519
0.949519
0.949519
0.949519
0.949519
0.949518
0.949518
0.949518
0.949518
0.949518
0.949518
0.949518
0.949518
0.949518
0.949518
0.949518
0.949518
0.949517
0.949517
0.949517
0.949517
0.949517
0.949517
0.949517
0.949517
0.949517
0.949517
0.949517
0.949517
0.949516
0.949516
0.949516
0.949516
0.949516
0.949516
0.949516
0.949516
0.949516
0.949516
0.949516
0.949516
0.949516
0.949515
0.949515
0.949515
0.949515
0.949515
0.949515
0.949515
0.949515
0.949515
0.949515
0.949515
0.949515
0.949514
0.949514
0.949514
0.949514
0.949514
0.949514
0.949514
0.949514
0.949514
0.949514
0.949514
0.949514
0.949514
0.949513
0.949513
0.949513
0.949513
0.949513
0.949513
0.949513
0.949513
0.949513
0.949513
0.949513
0.949513
0.949513
0.949512
0.949512
0.949512
0.949512
0.949512
0.949512
0.949512
0.949512
0.949512
0.949512
0.949512
0.949512
0.949511
0.949511
0.949511
0.949511
0.949511
0.949511
0.949511
0.949511
0.949511
0.949511
0.949511
0.949511
0.949511
0.94951
0.94951
0.94951
0.94951
0.94951
0.94951
0.94951
0.94951
0.94951
0.94951
0.94951
0.94951
0.94951
0.949509
0.949509
0.949509
0.949509
0.949509
0.949509
0.949509
0.949509
0.949509
0.949509
0.949509
0.949509
0.949509
0.949508
0.949508
0.949508
0.949508
0.949508
0.949508
0.949508
0.949508
0.949508
0.949508
0.949508
0.949508
0.949508
0.949507
0.949507
0.949507
0.949507
0.949507
0.949507
0.949507
0.949507
0.949507
0.949507
0.949507
0.949507
0.949507
0.949506
0.949506
0.949506
0.949506
0.949506
0.949506
0.949506
0.949506
0.949506
0.949506
0.949506
0.949506
0.949506
0.949506
0.949505
0.949505
0.949505
0.949505
0.949505
0.949505
0.949505
0.949505
0.949505
0.949505
0.949505
0.949505
0.949505
0.949504
0.949504
0.949504
0.949504
0.949504
0.949504
0.949504
0.949504
0.949504
0.949504
0.949504
0.949504
0.949504
0.949504
0.949503
0.949503
0.949503
0.949503
0.949503
0.949503
0.949503
0.949503
0.949503
0.949503
0.949503
0.949503
0.949503
0.949502
0.949502
0.949502
0.949502
0.949502
0.949502
0.949502
0.949502
0.949502
0.949502
0.949502
0.949502
0.949502
0.949502
0.949501
0.949501
0.949501
0.949501
0.949501
0.949501
0.949501
0.949501
0.949501
0.949501
0.949501
0.949501
0.949501
0.949501
0.9495
0.9495
0.9495
0.9495
0.9495
0.9495
0.9495
0.9495
0.9495
0.9495
0.9495
0.9495
0.9495
0.9495
0.949499
0.949499
0.949499
0.949499
0.949499
0.949499
0.949499
0.949499
0.949499
0.949499
0.949499
0.949499
0.949499
0.949498
0.949498
0.949498
0.949498
0.949498
0.949498
0.949498
0.949498
0.949498
0.949498
0.949498
0.949498
0.949498
0.949498
0.949497
0.949497
0.949497
0.949497
0.949497
0.949497
0.949497
0.949497
0.949497
0.949497
0.949497
0.949497
0.949497
0.949497
0.949497
0.949496
0.949496
0.949496
0.949496
0.949496
0.949496
0.949496
0.949496
0.949496
0.949496
0.949496
0.949496
0.949496
0.949496
0.949495
0.949495
0.949495
0.949495
0.949495
0.949495
0.949495
0.949495
0.949495
0.949495
0.949495
0.949495
0.949495
0.949495
0.949494
0.949494
0.949494
0.949494
0.949494
0.949494
0.949494
0.949494
0.949494
0.949494
0.949494
0.949494
0.949494
0.949494
0.949494
0.949493
0.949493
0.949493
0.949493
0.949493
0.949493
0.949493
0.949493
0.949493
0.949493
0.949493
0.949493
0.949493
0.949493
0.949492
0.949492
0.949492
0.949492
0.949492
0.949492
0.949492
0.949492
0.949492
0.949492
0.949492
0.949492
0.949492
0.949492
0.949492
0.949491
0.949491
0.949491
0.949491
0.949491
0.949491
0.949491
0.949491
0.949491
0.949491
0.949491
0.949491
0.949491
0.949491
0.949491
0.94949
0.94949
0.94949
0.94949
0.94949
0.94949
0.94949
0.94949
0.94949
0.94949
0.94949
0.94949
0.94949
0.94949
0.94949
0.949489
0.949489
0.949489
0.949489
0.949489
0.949489
0.949489
0.949489
0.949489
0.949489
0.949489
0.949489
0.949489
0.949489
0.949489
0.949488
0.949488
0.949488
0.949488
0.949488
0.949488
0.949488
0.949488
0.949488
0.949488
0.949488
0.949488
0.949488
0.949488
0.949488
0.949487
0.949487
0.949487
0.949487
0.949487
0.949487
0.949487
0.949487
0.949487
0.949487
0.949487
0.949487
0.949487
0.949487
0.949487
0.949486
0.949486
0.949486
0.949486
0.949486
0.949486
0.949486
0.949486
0.949486
0.949486
0.949486
0.949486
0.949486
0.949486
0.949486
0.949485
0.949485
0.949485
0.949485
0.949485
0.949485
0.949485
0.949485
0.949485
0.949485
0.949485
0.949485
0.949485
0.949485
0.949485
0.949485
0.949484
0.949484
0.949484
0.949484
0.949484
0.949484
0.949484
0.949484
0.949484
0.949484
0.949484
0.949484
0.949484
0.949484
0.949484
0.949483
0.949483
0.949483
0.949483
0.949483
0.949483
0.949483
0.949483
0.949483
0.949483
0.949483
0.949483
0.949483
0.949483
0.949483
0.949483
0.949482
0.949482
0.949482
0.949482
0.949482
0.949482
0.949482
0.949482
0.949482
0.949482
0.949482
0.949482
0.949482
0.949482
0.949482
0.949482
0.949481
0.949481
0.949481
0.949481
0.949481
0.949481
0.949481
0.949481
0.949481
0.949481
0.949481
0.949481
0.949481
0.949481
0.949481
0.949481
0.94948
0.94948
0.94948
0.94948
0.94948
0.94948
0.94948
0.94948
0.94948
0.94948
0.94948
0.94948
0.94948
0.94948
0.94948
0.94948
0.949479
0.949479
0.949479
0.949479
0.949479
0.949479
0.949479
0.949479
0.949479
0.949479
0.949479
0.949479
0.949479
0.949479
0.949479
0.949479
0.949478
0.949478
0.949478
0.949478
0.949478
0.949478
0.949478
0.949478
0.949478
0.949478
0.949478
0.949478
0.949478
0.949478
0.949478
0.949478
0.949478
0.949477
0.949477
0.949477
0.949477
0.949477
0.949477
0.949477
0.949477
0.949477
0.949477
0.949477
0.949477
0.949477
0.949477
0.949477
0.949477
0.949476
0.949476
0.949476
0.949476
0.949476
0.949476
0.949476
0.949476
0.949476
0.949476
0.949476
0.949476
0.949476
0.949476
0.949476
0.949476
0.949476
0.949475
0.949475
0.949475
0.949475
0.949475
0.949475
0.949475
0.949475
0.949475
0.949475
0.949475
0.949475
0.949475
0.949475
0.949475
0.949475
0.949474
0.949474
0.949474
0.949474
0.949474
0.949474
0.949474
0.949474
0.949474
0.949474
0.949474
0.949474
0.949474
0.949474
0.949474
0.949474
0.949474
0.949473
0.949473
0.949473
0.949473
0.949473
0.949473
0.949473
0.949473
0.949473
0.949473
0.949473
0.949473
0.949473
0.949473
0.949473
0.949473
0.949473
0.949472
0.949472
0.949472
0.949472
0.949472
0.949472
0.949472
0.949472
0.949472
0.949472
0.949472
0.949472
0.949472
0.949472
0.949472
0.949472
0.949472
0.949472
0.949471
0.949471
0.949471
0.949471
0.949471
0.949471
0.949471
0.949471
0.949471
0.949471
0.949471
0.949471
0.949471
0.949471
0.949471
0.949471
0.949471
0.94947
0.94947
0.94947
0.94947
0.94947
0.94947
0.94947
0.94947
0.94947
0.94947
0.94947
0.94947
0.94947
0.94947
0.94947
0.94947
0.94947
0.94947
0.949469
0.949469
0.949469
0.949469
0.949469
0.949469
0.949469
0.949469
0.949469
0.949469
0.949469
0.949469
0.949469
0.949469
0.949469
0.949469
0.949469
0.949468
0.949468
0.949468
0.949468
0.949468
0.949468
0.949468
0.949468
0.949468
0.949468
0.949468
0.949468
0.949468
0.949468
0.949468
0.949468
0.949468
0.949468
0.949467
0.949467
0.949467
0.949467
0.949467
0.949467
0.949467
0.949467
0.949467
0.949467
0.949467
0.949467
0.949467
0.949467
0.949467
0.949467
0.949467
0.949467
0.949466
0.949466
0.949466
0.949466
0.949466
0.949466
0.949466
0.949466
0.949466
0.949466
0.949466
0.949466
0.949466
0.949466
0.949466
0.949466
0.949466
0.949466
0.949465
0.949465
0.949465
0.949465
0.949465
0.949465
0.949465
0.949465
0.949465
0.949465
0.949465
0.949465
0.949465
0.949465
0.949465
0.949465
0.949465
0.949465
0.949465
0.949464
0.949464
0.949464
0.949464
0.949464
0.949464
0.949464
0.949464
0.949464
0.949464
0.949464
0.949464
0.949464
0.949464
0.949464
0.949464
0.949464
0.949464
0.949463
0.949463
0.949463
0.949463
0.949463
0.949463
0.949463
0.949463
0.949463
0.949463
0.949463
0.949463
0.949463
0.949463
0.949463
0.949463
0.949463
0.949463
0.949463
0.949462
0.949462
0.949462
0.949462
0.949462
0.949462
0.949462
0.949462
0.949462
0.949462
0.949462
0.949462
0.949462
0.949462
0.949462
0.949462
0.949462
0.949462
0.949462
0.949461
0.949461
0.949461
0.949461
0.949461
0.949461
0.949461
0.949461
0.949461
0.949461
0.949461
0.949461
0.949461
0.949461
0.949461
0.949461
0.949461
0.949461
0.949461
0.94946
0.94946
0.94946
0.94946
0.94946
0.94946
0.94946
0.94946
0.94946
0.94946
0.94946
0.94946
0.94946
0.94946
0.94946
0.94946
0.94946
0.94946
0.94946
0.949459
0.949459
0.949459
0.949459
0.949459
0.949459
0.949459
0.949459
0.949459
0.949459
0.949459
0.949459
0.949459
0.949459
0.949459
0.949459
0.949459
0.949459
0.949459
0.949458
0.949458
0.949458
0.949458
0.949458
0.949458
0.949458
0.949458
0.949458
0.949458
0.949458
0.949458
0.949458
0.949458
0.949458
0.949458
0.949458
0.949458
0.949458
0.949458
0.949457
0.949457
0.949457
0.949457
0.949457
0.949457
0.949457
0.949457
0.949457
0.949457
0.949457
0.949457
0.949457
0.949457
0.949457
0.949457
0.949457
0.949457
0.949457
0.949457
0.949456
0.949456
0.949456
0.949456
0.949456
0.949456
0.949456
0.949456
0.949456
0.949456
0.949456
0.949456
0.949456
0.949456
0.949456
0.949456
0.949456
0.949456
0.949456
0.949456
0.949455
0.949455
0.949455
0.949455
0.949455
0.949455
0.949455
0.949455
0.949455
0.949455
0.949455
0.949455
0.949455
0.949455
0.949455
0.949455
0.949455
0.949455
0.949455
0.949455
0.949454
0.949454
0.949454
0.949454
0.949454
0.949454
0.949454
0.949454
0.949454
0.949454
0.949454
0.949454
0.949454
0.949454
0.949454
0.949454
0.949454
0.949454
0.949454
0.949454
0.949453
0.949453
0.949453
0.949453
0.949453
0.949453
0.949453
0.949453
0.949453
0.949453
0.949453
0.949453
0.949453
0.949453
0.949453
0.949453
0.949453
0.949453
0.949453
0.949453
0.949453
0.949452
0.949452
0.949452
0.949452
0.949452
0.949452
0.949452
0.949452
0.949452
0.949452
0.949452
0.949452
0.949452
0.949452
0.949452
0.949452
0.949452
0.949452
0.949452
0.949452
0.949452
0.949451
0.949451
0.949451
0.949451
0.949451
0.949451
0.949451
0.949451
0.949451
0.949451
0.949451
0.949451
0.949451
0.949451
0.949451
0.949451
0.949451
0.949451
0.949451
0.949451
0.949451
0.94945
0.94945
0.94945
0.94945
0.94945
0.94945
0.94945
0.94945
0.94945
0.94945
0.94945
0.94945
0.94945
0.94945
0.94945
0.94945
0.94945
0.94945
0.94945
0.94945
0.94945
0.949449
0.949449
0.949449
0.949449
0.949449
0.949449
0.949449
0.949449
0.949449
0.949449
0.949449
0.949449
0.949449
0.949449
0.949449
0.949449
0.949449
0.949449
0.949449
0.949449
0.949449
0.949449
0.949448
0.949448
0.949448
0.949448
0.949448
0.949448
0.949448
0.949448
0.949448
0.949448
0.949448
0.949448
0.949448
0.949448
0.949448
0.949448
0.949448
0.949448
0.949448
0.949448
0.949448
0.949447
0.949447
0.949447
0.949447
0.949447
0.949447
0.949447
0.949447
0.949447
0.949447
0.949447
0.949447
0.949447
0.949447
0.949447
0.949447
0.949447
0.949447
0.949447
0.949447
0.949447
0.949447
0.949446
0.949446
0.949446
0.949446
0.949446
0.949446
0.949446
0.949446
0.949446
0.949446
0.949446
0.949446
0.949446
0.949446
0.949446
0.949446
0.949446
0.949446
0.949446
0.949446
0.949446
0.949446
0.949446
0.949445
0.949445
0.949445
0.949445
0.949445
0.949445
0.949445
0.949445
0.949445
0.949445
0.949445
0.949445
0.949445
0.949445
0.949445
0.949445
0.949445
0.949445
0.949445
0.949445
0.949445
0.949445
0.949444
0.949444
0.949444
0.949444
0.949444
0.949444
0.949444
0.949444
0.949444
0.949444
0.949444
0.949444
0.949444
0.949444
0.949444
0.949444
0.949444
0.949444
0.949444
0.949444
0.949444
0.949444
0.949444
0.949443
0.949443
0.949443
0.949443
0.949443
0.949443
0.949443
0.949443
0.949443
0.949443
0.949443
0.949443
0.949443
0.949443
0.949443
0.949443
0.949443
0.949443
0.949443
0.949443
0.949443
0.949443
0.949443
0.949442
0.949442
0.949442
0.949442
0.949442
0.949442
0.949442
0.949442
0.949442
0.949442
0.949442
0.949442
0.949442
0.949442
0.949442
0.949442
0.949442
0.949442
0.949442
0.949442
0.949442
0.949442
0.949442
0.949441
0.949441
0.949441
0.949441
0.949441
0.949441
0.949441
0.949441
0.949441
0.949441
0.949441
0.949441
0.949441
0.949441
0.949441
0.949441
0.949441
0.949441
0.949441
0.949441
0.949441
0.949441
0.949441
0.949441
0.94944
0.94944
0.94944
0.94944
0.94944
0.94944
0.94944
0.94944
0.94944
0.94944
0.94944
0.94944
0.94944
0.94944
0.94944
0.94944
0.94944
0.94944
0.94944
0.94944
0.94944
0.94944
0.94944
0.94944
0.949439
0.949439
0.949439
0.949439
0.949439
0.949439
0.949439
0.949439
0.949439
0.949439
0.949439
0.949439
0.949439
0.949439
0.949439
0.949439
0.949439
0.949439
0.949439
0.949439
0.949439
0.949439
0.949439
0.949439
0.949438
0.949438
0.949438
0.949438
0.949438
0.949438
0.949438
0.949438
0.949438
0.949438
0.949438
0.949438
0.949438
0.949438
0.949438
0.949438
0.949438
0.949438
0.949438
0.949438
0.949438
0.949438
0.949438
0.949438
0.949437
0.949437
0.949437
0.949437
0.949437
0.949437
0.949437
0.949437
0.949437
0.949437
0.949437
0.949437
0.949437
0.949437
0.949437
0.949437
0.949437
0.949437
0.949437
0.949437
0.949437
0.949437
0.949437
0.949437
0.949437
0.949436
0.949436
0.949436
0.949436
0.949436
0.949436
0.949436
0.949436
0.949436
0.949436
0.949436
0.949436
0.949436
0.949436
0.949436
0.949436
0.949436
0.949436
0.949436
0.949436
0.949436
0.949436
0.949436
0.949436
0.949436
0.949435
0.949435
0.949435
0.949435
0.949435
0.949435
0.949435
0.949435
0.949435
0.949435
0.949435
0.949435
0.949435
0.949435
0.949435
0.949435
0.949435
0.949435
0.949435
0.949435
0.949435
0.949435
0.949435
0.949435
0.949435
0.949434
0.949434
0.949434
0.949434
0.949434
0.949434
0.949434
0.949434
0.949434
0.949434
0.949434
0.949434
0.949434
0.949434
0.949434
0.949434
0.949434
0.949434
0.949434
0.949434
0.949434
0.949434
0.949434
0.949434
0.949434
0.949434
0.949433
0.949433
0.949433
0.949433
0.949433
0.949433
0.949433
0.949433
0.949433
0.949433
0.949433
0.949433
0.949433
0.949433
0.949433
0.949433
0.949433
0.949433
0.949433
0.949433
0.949433
0.949433
0.949433
0.949433
0.949433
0.949433
0.949432
0.949432
0.949432
0.949432
0.949432
0.949432
0.949432
0.949432
0.949432
0.949432
0.949432
0.949432
0.949432
0.949432
0.949432
0.949432
0.949432
0.949432
0.949432
0.949432
0.949432
0.949432
0.949432
0.949432
0.949432
0.949432
0.949431
0.949431
0.949431
0.949431
0.949431
0.949431
0.949431
0.949431
0.949431
0.949431
0.949431
0.949431
0.949431
0.949431
0.949431
0.949431
0.949431
0.949431
0.949431
0.949431
0.949431
0.949431
0.949431
0.949431
0.949431
0.949431
0.949431
0.94943
0.94943
0.94943
0.94943
0.94943
0.94943
0.94943
0.94943
0.94943
0.94943
0.94943
0.94943
0.94943
0.94943
0.94943
0.94943
0.94943
0.94943
0.94943
0.94943
0.94943
0.94943
0.94943
0.94943
0.94943
0.94943
0.94943
0.949429
0.949429
0.949429
0.949429
0.949429
0.949429
0.949429
0.949429
0.949429
0.949429
0.949429
0.949429
0.949429
0.949429
0.949429
0.949429
0.949429
0.949429
0.949429
0.949429
0.949429
0.949429
0.949429
0.949429
0.949429
0.949429
0.949429
0.949429
0.949428
0.949428
0.949428
0.949428
0.949428
0.949428
0.949428
0.949428
0.949428
0.949428
0.949428
0.949428
0.949428
0.949428
0.949428
0.949428
0.949428
0.949428
0.949428
0.949428
0.949428
0.949428
0.949428
0.949428
0.949428
0.949428
0.949428
0.949428
0.949427
0.949427
0.949427
0.949427
0.949427
0.949427
0.949427
0.949427
0.949427
0.949427
0.949427
0.949427
0.949427
0.949427
0.949427
0.949427
0.949427
0.949427
0.949427
0.949427
0.949427
0.949427
0.949427
0.949427
0.949427
0.949427
0.949427
0.949427
0.949426
0.949426
0.949426
0.949426
0.949426
0.949426
0.949426
0.949426
0.949426
0.949426
0.949426
0.949426
0.949426
0.949426
0.949426
0.949426
0.949426
0.949426
0.949426
0.949426
0.949426
0.949426
0.949426
0.949426
0.949426
0.949426
0.949426
0.949426
0.949426
0.949425
0.949425
0.949425
0.949425
0.949425
0.949425
0.949425
0.949425
0.949425
0.949425
0.949425
0.949425
0.949425
0.949425
0.949425
0.949425
0.949425
0.949425
0.949425
0.949425
0.949425
0.949425
0.949425
0.949425
0.949425
0.949425
0.949425
0.949425
0.949425
0.949424
0.949424
0.949424
0.949424
0.949424
0.949424
0.949424
0.949424
0.949424
0.949424
0.949424
0.949424
0.949424
0.949424
0.949424
0.949424
0.949424
0.949424
0.949424
0.949424
0.949424
0.949424
0.949424
0.949424
0.949424
0.949424
0.949424
0.949424
0.949424
0.949423
0.949423
0.949423
0.949423
0.949423
0.949423
0.949423
0.949423
0.949423
0.949423
0.949423
0.949423
0.949423
0.949423
0.949423
0.949423
0.949423
0.949423
0.949423
0.949423
0.949423
0.949423
0.949423
0.949423
0.949423
0.949423
0.949423
0.949423
0.949423
0.949423
0.949422
0.949422
0.949422
0.949422
0.949422
0.949422
0.949422
0.949422
0.949422
0.949422
0.949422
0.949422
0.949422
0.949422
0.949422
0.949422
0.949422
0.949422
0.949422
0.949422
0.949422
0.949422
0.949422
0.949422
0.949422
0.949422
0.949422
0.949422
0.949422
0.949422
0.949421
0.949421
0.949421
0.949421
0.949421
0.949421
0.949421
0.949421
0.949421
0.949421
0.949421
0.949421
0.949421
0.949421
0.949421
0.949421
0.949421
0.949421
0.949421
0.949421
0.949421
0.949421
0.949421
0.949421
0.949421
0.949421
0.949421
0.949421
0.949421
0.949421
0.949421
0.94942
0.94942
0.94942
0.94942
0.94942
0.94942
0.94942
0.94942
0.94942
0.94942
0.94942
0.94942
0.94942
0.94942
0.94942
0.94942
0.94942
0.94942
0.94942
0.94942
0.94942
0.94942
0.94942
0.94942
0.94942
0.94942
0.94942
0.94942
0.94942
0.94942
0.94942
0.94942
0.949419
0.949419
0.949419
0.949419
0.949419
0.949419
0.949419
0.949419
0.949419
0.949419
0.949419
0.949419
0.949419
0.949419
0.949419
0.949419
0.949419
0.949419
0.949419
0.949419
0.949419
0.949419
0.949419
0.949419
0.949419
0.949419
0.949419
0.949419
0.949419
0.949419
0.949419
0.949419
0.949418
0.949418
0.949418
0.949418
0.949418
0.949418
0.949418
0.949418
0.949418
0.949418
0.949418
0.949418
0.949418
0.949418
0.949418
0.949418
0.949418
0.949418
0.949418
0.949418
0.949418
0.949418
0.949418
0.949418
0.949418
0.949418
0.949418
0.949418
0.949418
0.949418
0.949418
0.949418
0.949417
0.949417
0.949417
0.949417
0.949417
0.949417
0.949417
0.949417
0.949417
0.949417
0.949417
0.949417
0.949417
0.949417
0.949417
0.949417
0.949417
0.949417
0.949417
0.949417
0.949417
0.949417
0.949417
0.949417
0.949417
0.949417
0.949417
0.949417
0.949417
0.949417
0.949417
0.949417
0.949417
0.949416
0.949416
0.949416
0.949416
0.949416
0.949416
0.949416
0.949416
0.949416
0.949416
0.949416
0.949416
0.949416
0.949416
0.949416
0.949416
0.949416
0.949416
0.949416
0.949416
0.949416
0.949416
0.949416
0.949416
0.949416
0.949416
0.949416
0.949416
0.949416
0.949416
0.949416
0.949416
0.949416
0.949416
0.949415
0.949415
0.949415
0.949415
0.949415
0.949415
0.949415
0.949415
0.949415
0.949415
0.949415
0.949415
0.949415
0.949415
0.949415
0.949415
0.949415
0.949415
0.949415
0.949415
0.949415
0.949415
0.949415
0.949415
0.949415
0.949415
0.949415
0.949415
0.949415
0.949415
0.949415
0.949415
0.949415
0.949415
0.949414
0.949414
0.949414
0.949414
0.949414
0.949414
0.949414
0.949414
0.949414
0.949414
0.949414
0.949414
0.949414
0.949414
0.949414
0.949414
0.949414
0.949414
0.949414
0.949414
0.949414
0.949414
0.949414
0.949414
0.949414
0.949414
0.949414
0.949414
0.949414
0.949414
0.949414
0.949414
0.949414
0.949414
0.949413
0.949413
0.949413
0.949413
0.949413
0.949413
0.949413
0.949413
0.949413
0.949413
0.949413
0.949413
0.949413
0.949413
0.949413
0.949413
0.949413
0.949413
0.949413
0.949413
0.949413
0.949413
0.949413
0.949413
0.949413
0.949413
0.949413
0.949413
0.949413
0.949413
0.949413
0.949413
0.949413
0.949413
0.949413
0.949413
0.949412
0.949412
0.949412
0.949412
0.949412
0.949412
0.949412
0.949412
0.949412
0.949412
0.949412
0.949412
0.949412
0.949412
0.949412
0.949412
0.949412
0.949412
0.949412
0.949412
0.949412
0.949412
0.949412
0.949412
0.949412
0.949412
0.949412
0.949412
0.949412
0.949412
0.949412
0.949412
0.949412
0.949412
0.949412
0.949412
0.949411
0.949411
0.949411
0.949411
0.949411
0.949411
0.949411
0.949411
0.949411
0.949411
0.949411
0.949411
0.949411
0.949411
0.949411
0.949411
0.949411
0.949411
0.949411
0.949411
0.949411
0.949411
0.949411
0.949411
0.949411
0.949411
0.949411
0.949411
0.949411
0.949411
0.949411
0.949411
0.949411
0.949411
0.949411
0.949411
0.94941
0.94941
0.94941
0.94941
0.94941
0.94941
0.94941
0.94941
0.94941
0.94941
0.94941
0.94941
0.94941
0.94941
0.94941
0.94941
0.94941
0.94941
0.94941
0.94941
0.94941
0.94941
0.94941
0.94941
0.94941
0.94941
0.94941
0.94941
0.94941
0.94941
0.94941
0.94941
0.94941
0.94941
0.94941
0.94941
0.94941
0.94941
0.949409
0.949409
0.949409
0.949409
0.949409
0.949409
0.949409
0.949409
0.949409
0.949409
0.949409
0.949409
0.949409
0.949409
0.949409
0.949409
0.949409
0.949409
0.949409
0.949409
0.949409
0.949409
0.949409
0.949409
0.949409
0.949409
0.949409
0.949409
0.949409
0.949409
0.949409
0.949409
0.949409
0.949409
0.949409
0.949409
0.949409
0.949409
0.949408
0.949408
0.949408
0.949408
0.949408
0.949408
0.949408
0.949408
0.949408
0.949408
0.949408
0.949408
0.949408
0.949408
0.949408
0.949408
0.949408
0.949408
0.949408
0.949408
0.949408
0.949408
0.949408
0.949408
0.949408
0.949408
0.949408
0.949408
0.949408
0.949408
0.949408
0.949408
0.949408
0.949408
0.949408
0.949408
0.949408
0.949408
0.949408
0.949407
0.949407
0.949407
0.949407
0.949407
0.949407
0.949407
0.949407
0.949407
0.949407
0.949407
0.949407
0.949407
0.949407
0.949407
0.949407
0.949407
0.949407
0.949407
0.949407
0.949407
0.949407
0.949407
0.949407
0.949407
0.949407
0.949407
0.949407
0.949407
0.949407
0.949407
0.949407
0.949407
0.949407
0.949407
0.949407
0.949407
0.949407
0.949407
0.949406
0.949406
0.949406
0.949406
0.949406
0.949406
0.949406
0.949406
0.949406
0.949406
0.949406
0.949406
0.949406
0.949406
0.949406
0.949406
0.949406
0.949406
0.949406
0.949406
0.949406
0.949406
0.949406
0.949406
0.949406
0.949406
0.949406
0.949406
0.949406
0.949406
0.949406
0.949406
0.949406
0.949406
0.949406
0.949406
0.949406
0.949406
0.949406
0.949406
0.949405
0.949405
0.949405
0.949405
0.949405
0.949405
0.949405
0.949405
0.949405
0.949405
0.949405
0.949405
0.949405
0.949405
0.949405
0.949405
0.949405
0.949405
0.949405
0.949405
0.949405
0.949405
0.949405
0.949405
0.949405
0.949405
0.949405
0.949405
0.949405
0.949405
0.949405
0.949405
0.949405
0.949405
0.949405
0.949405
0.949405
0.949405
0.949405
0.949405
0.949405
0.949405
0.949404
0.949404
0.949404
0.949404
0.949404
0.949404
0.949404
0.949404
0.949404
0.949404
0.949404
0.949404
0.949404
0.949404
0.949404
0.949404
0.949404
0.949404
0.949404
0.949404
0.949404
0.949404
0.949404
0.949404
0.949404
0.949404
0.949404
0.949404
0.949404
0.949404
0.949404
0.949404
0.949404
0.949404
0.949404
0.949404
0.949404
0.949404
0.949404
0.949404
0.949404
0.949404
0.949403
0.949403
0.949403
0.949403
0.949403
0.949403
0.949403
0.949403
0.949403
0.949403
0.949403
0.949403
0.949403
0.949403
0.949403
0.949403
0.949403
0.949403
0.949403
0.949403
0.949403
0.949403
0.949403
0.949403
0.949403
0.949403
0.949403
0.949403
0.949403
0.949403
0.949403
0.949403
0.949403
0.949403
0.949403
0.949403
0.949403
0.949403
0.949403
0.949403
0.949403
0.949403
0.949403
0.949402
0.949402
0.949402
0.949402
0.949402
0.949402
0.949402
0.949402
0.949402
0.949402
0.949402
0.949402
0.949402
0.949402
0.949402
0.949402
0.949402
0.949402
0.949402
0.949402
0.949402
0.949402
0.949402
0.949402
0.949402
0.949402
0.949402
0.949402
0.949402
0.949402
0.949402
0.949402
0.949402
0.949402
0.949402
0.949402
0.949402
0.949402
0.949402
0.949402
0.949402
0.949402
0.949402
0.949402
0.949401
0.949401
0.949401
0.949401
0.949401
0.949401
0.949401
0.949401
0.949401
0.949401
0.949401
0.949401
0.949401
0.949401
0.949401
0.949401
0.949401
0.949401
0.949401
0.949401
0.949401
0.949401
0.949401
0.949401
0.949401
0.949401
0.949401
0.949401
0.949401
0.949401
0.949401
0.949401
0.949401
0.949401
0.949401
0.949401
0.949401
0.949401
0.949401
0.949401
0.949401
0.949401
0.949401
0.949401
0.949401
0.9494
0.9494
0.9494
0.9494
0.9494
0.9494
0.9494
0.9494
0.9494
0.9494
0.9494
0.9494
0.9494
0.9494
0.9494
0.9494
0.9494
0.9494
0.9494
0.9494
0.9494
0.9494
0.9494
0.9494
0.9494
0.9494
0.9494
0.9494
0.9494
0.9494
0.9494
0.9494
0.9494
0.9494
0.9494
0.9494
0.9494
0.9494
0.9494
0.9494
0.9494
0.9494
0.9494
0.9494
0.9494
0.9494
0.949399
0.949399
0.949399
0.949399
0.949399
0.949399
0.949399
0.949399
0.949399
0.949399
0.949399
0.949399
0.949399
0.949399
0.949399
0.949399
0.949399
0.949399
0.949399
0.949399
0.949399
0.949399
0.949399
0.949399
0.949399
0.949399
0.949399
0.949399
0.949399
0.949399
0.949399
0.949399
0.949399
0.949399
0.949399
0.949399
0.949399
0.949399
0.949399
0.949399
0.949399
0.949399
0.949399
0.949399
0.949399
0.949399
0.949399
0.949398
0.949398
0.949398
0.949398
0.949398
0.949398
0.949398
0.949398
0.949398
0.949398
0.949398
0.949398
0.949398
0.949398
0.949398
0.949398
0.949398
0.949398
0.949398
0.949398
0.949398
0.949398
0.949398
0.949398
0.949398
0.949398
0.949398
0.949398
0.949398
0.949398
0.949398
0.949398
0.949398
0.949398
0.949398
0.949398
0.949398
0.949398
0.949398
0.949398
0.949398
0.949398
0.949398
0.949398
0.949398
0.949398
0.949398
0.949398
0.949397
0.949397
0.949397
0.949397
0.949397
0.949397
0.949397
0.949397
0.949397
0.949397
0.949397
0.949397
0.949397
0.949397
0.949397
0.949397
0.949397
0.949397
0.949397
0.949397
0.949397
0.949397
0.949397
0.949397
0.949397
0.949397
0.949397
0.949397
0.949397
0.949397
0.949397
0.949397
0.949397
0.949397
0.949397
0.949397
0.949397
0.949397
0.949397
0.949397
0.949397
0.949397
0.949397
0.949397
0.949397
0.949397
0.949397
0.949397
0.949397
0.949396
0.949396
0.949396
0.949396
0.949396
0.949396
0.949396
0.949396
0.949396
0.949396
0.949396
0.949396
0.949396
0.949396
0.949396
0.949396
0.949396
0.949396
0.949396
0.949396
0.949396
0.949396
0.949396
0.949396
0.949396
0.949396
0.949396
0.949396
0.949396
0.949396
0.949396
0.949396
0.949396
0.949396
0.949396
0.949396
0.949396
0.949396
0.949396
0.949396
0.949396
0.949396
0.949396
0.949396
0.949396
0.949396
0.949396
0.949396
0.949396
0.949396
0.949396
0.949395
0.949395
0.949395
0.949395
0.949395
0.949395
0.949395
0.949395
0.949395
0.949395
0.949395
0.949395
0.949395
0.949395
0.949395
0.949395
0.949395
0.949395
0.949395
0.949395
0.949395
0.949395
0.949395
0.949395
0.949395
0.949395
0.949395
0.949395
0.949395
0.949395
0.949395
0.949395
0.949395
0.949395
0.949395
0.949395
0.949395
0.949395
0.949395
0.949395
0.949395
0.949395
0.949395
0.949395
0.949395
0.949395
0.949395
0.949395
0.949395
0.949395
0.949395
0.949395
0.949394
0.949394
0.949394
0.949394
0.949394
0.949394
0.949394
0.949394
0.949394
0.949394
0.949394
0.949394
0.949394
0.949394
0.949394
0.949394
0.949394
0.949394
0.949394
0.949394
0.949394
0.949394
0.949394
0.949394
0.949394
0.949394
0.949394
0.949394
0.949394
0.949394
0.949394
0.949394
0.949394
0.949394
0.949394
0.949394
0.949394
0.949394
0.949394
0.949394
0.949394
0.949394
0.949394
0.949394
0.949394
0.949394
0.949394
0.949394
0.949394
0.949394
0.949394
0.949394
0.949394
