493.238
493.235
493.233
493.23
493.228
493.225
493.223
493.22
493.218
493.215
493.213
493.21
493.208
493.206
493.203
493.201
493.198
493.196
493.193
493.191
493.189
493.186
493.184
493.182
493.179
493.177
493.174
493.172
493.17
493.167
493.165
493.163
493.16
493.158
493.156
493.153
493.151
493.149
493.146
493.144
493.142
493.139
493.137
493.135
493.133
493.13
493.128
493.126
493.124
493.121
493.119
493.117
493.115
493.112
493.11
493.108
493.106
493.103
493.101
493.099
493.097
493.095
493.092
493.09
493.088
493.086
493.084
493.081
493.079
493.077
493.075
493.073
493.071
493.068
493.066
493.064
493.062
493.06
493.058
493.056
493.054
493.051
493.049
493.047
493.045
493.043
493.041
493.039
493.037
493.035
493.033
493.031
493.028
493.026
493.024
493.022
493.02
493.018
493.016
493.014
493.012
493.01
493.008
493.006
493.004
493.002
493
492.998
492.996
492.994
492.992
492.99
492.988
492.986
492.984
492.982
492.98
492.978
492.976
492.974
492.972
492.97
492.968
492.966
492.965
492.963
492.961
492.959
492.957
492.955
492.953
492.951
492.949
492.947
492.945
492.944
492.942
492.94
492.938
492.936
492.934
492.932
492.93
492.929
492.927
492.925
492.923
492.921
492.919
492.917
492.916
492.914
492.912
492.91
492.908
492.907
492.905
492.903
492.901
492.899
492.898
492.896
492.894
492.892
492.89
492.889
492.887
492.885
492.883
492.882
492.88
492.878
492.876
492.875
492.873
492.871
492.869
492.868
492.866
492.864
492.862
492.861
492.859
492.857
492.856
492.854
492.852
492.85
492.849
492.847
492.845
492.844
492.842
492.84
492.839
492.837
492.835
492.834
492.832
492.83
492.829
492.827
492.825
492.824
492.822
492.82
492.819
492.817
492.816
492.814
492.812
492.811
492.809
492.807
492.806
492.804
492.803
492.801
492.799
492.798
492.796
492.795
492.793
492.792
492.79
492.788
492.787
492.785
492.784
492.782
492.781
492.779
492.777
492.776
492.774
492.773
492.771
492.77
492.768
492.767
492.765
492.764
492.762
492.761
492.759
492.758
492.756
492.755
492.753
492.752
492.75
492.749
492.747
492.746
492.744
492.743
492.741
492.74
492.738
492.737
492.735
492.734
492.732
492.731
492.73
492.728
492.727
492.725
492.724
492.722
492.721
492.72
492.718
492.717
492.715
492.714
492.712
492.711
492.71
492.708
492.707
492.705
492.704
492.703
492.701
492.7
492.698
492.697
492.696
492.694
492.693
492.692
492.69
492.689
492.687
492.686
492.685
492.683
492.682
492.681
492.679
492.678
492.677
492.675
492.674
492.673
492.671
492.67
492.669
492.667
492.666
492.665
492.663
492.662
492.661
492.659
492.658
492.657
492.656
492.654
492.653
492.652
492.65
492.649
492.648
492.647
492.645
492.644
492.643
492.641
492.64
492.639
492.638
492.636
492.635
492.634
492.633
492.631
492.63
492.629
492.628
492.626
492.625
492.624
492.623
492.622
492.62
492.619
492.618
492.617
492.615
492.614
492.613
492.612
492.611
492.609
492.608
492.607
492.606
492.605
492.603
492.602
492.601
492.6
492.599
492.598
492.596
492.595
492.594
492.593
492.592
492.591
492.589
492.588
492.587
492.586
492.585
492.584
492.582
492.581
492.58
492.579
492.578
492.577
492.576
492.574
492.573
492.572
492.571
492.57
492.569
492.568
492.567
492.566
492.564
492.563
492.562
492.561
492.56
492.559
492.558
492.557
492.556
492.555
492.553
492.552
492.551
492.55
492.549
492.548
492.547
492.546
492.545
492.544
492.543
492.542
492.541
492.54
492.538
492.537
492.536
492.535
492.534
492.533
492.532
492.531
492.53
492.529
492.528
492.527
492.526
492.525
492.524
492.523
492.522
492.521
492.52
492.519
492.518
492.517
492.516
492.515
492.514
492.513
492.512
492.511
492.51
492.509
492.508
492.507
492.506
492.505
492.504
492.503
492.502
492.501
492.5
492.499
492.498
492.497
492.496
492.495
492.494
492.493
492.492
492.491
492.49
492.489
492.488
492.487
492.486
492.486
492.485
492.484
492.483
492.482
492.481
492.48
492.479
492.478
492.477
492.476
492.475
492.474
492.473
492.472
492.472
492.471
492.47
492.469
492.468
492.467
492.466
492.465
492.464
492.463
492.462
492.462
492.461
492.46
492.459
492.458
492.457
492.456
492.455
492.454
492.454
492.453
492.452
492.451
492.45
492.449
492.448
492.447
492.447
492.446
492.445
492.444
492.443
492.442
492.441
492.441
492.44
492.439
492.438
492.437
492.436
492.435
492.435
492.434
492.433
492.432
492.431
492.43
492.43
492.429
492.428
492.427
492.426
492.426
492.425
492.424
492.423
492.422
492.421
492.421
492.42
492.419
492.418
492.417
492.417
492.416
492.415
492.414
492.413
492.413
492.412
492.411
492.41
492.409
492.409
492.408
492.407
492.406
492.405
492.405
492.404
492.403
492.402
492.402
492.401
492.4
492.399
492.399
492.398
492.397
492.396
492.395
492.395
492.394
492.393
492.392
492.392
492.391
492.39
492.389
492.389
492.388
492.387
492.386
492.386
492.385
492.384
492.383
492.383
492.382
492.381
492.381
492.38
492.379
492.378
492.378
492.377
492.376
492.375
492.375
492.374
492.373
492.373
492.372
492.371
492.37
492.37
492.369
492.368
492.368
492.367
492.366
492.366
492.365
492.364
492.363
492.363
492.362
492.361
492.361
492.36
492.359
492.359
492.358
492.357
492.357
492.356
492.355
492.355
492.354
492.353
492.353
492.352
492.351
492.351
492.35
492.349
492.349
492.348
492.347
492.347
492.346
492.345
492.345
492.344
492.343
492.343
492.342
492.341
492.341
492.34
492.339
492.339
492.338
492.337
492.337
492.336
492.336
492.335
492.334
492.334
492.333
492.332
492.332
492.331
492.33
492.33
492.329
492.329
492.328
492.327
492.327
492.326
492.325
492.325
492.324
492.324
492.323
492.322
492.322
492.321
492.321
492.32
492.319
492.319
492.318
492.318
492.317
492.316
492.316
492.315
492.315
492.314
492.313
492.313
492.312
492.312
492.311
492.31
492.31
492.309
492.309
492.308
492.308
492.307
492.306
492.306
492.305
492.305
492.304
492.304
492.303
492.302
492.302
492.301
492.301
492.3
492.3
492.299
492.298
492.298
492.297
492.297
492.296
492.296
492.295
492.295
492.294
492.293
492.293
492.292
492.292
492.291
492.291
492.29
492.29
492.289
492.289
492.288
492.287
492.287
492.286
492.286
492.285
492.285
492.284
492.284
492.283
492.283
492.282
492.282
492.281
492.281
492.28
492.28
492.279
492.278
492.278
492.277
492.277
492.276
492.276
492.275
492.275
492.274
492.274
492.273
492.273
492.272
492.272
492.271
492.271
492.27
492.27
492.269
492.269
492.268
492.268
492.267
492.267
492.266
492.266
492.265
492.265
492.264
492.264
492.263
492.263
492.262
492.262
492.261
492.261
492.26
492.26
492.259
492.259
492.259
492.258
492.258
492.257
492.257
492.256
492.256
492.255
492.255
492.254
492.254
492.253
492.253
492.252
492.252
492.251
492.251
492.251
492.25
492.25
492.249
492.249
492.248
492.248
492.247
492.247
492.246
492.246
492.245
492.245
492.245
492.244
492.244
492.243
492.243
492.242
492.242
492.241
492.241
492.241
492.24
492.24
492.239
492.239
492.238
492.238
492.238
492.237
492.237
492.236
492.236
492.235
492.235
492.234
492.234
492.234
492.233
492.233
492.232
492.232
492.231
492.231
492.231
492.23
492.23
492.229
492.229
492.229
492.228
492.228
492.227
492.227
492.226
492.226
492.226
492.225
492.225
492.224
492.224
492.224
492.223
492.223
492.222
492.222
492.222
492.221
492.221
492.22
492.22
492.22
492.219
492.219
492.218
492.218
492.218
492.217
492.217
492.216
492.216
492.216
492.215
492.215
492.214
492.214
492.214
492.213
492.213
492.213
492.212
492.212
492.211
492.211
492.211
492.21
492.21
492.209
492.209
492.209
492.208
492.208
492.208
492.207
492.207
492.206
492.206
492.206
492.205
492.205
492.205
492.204
492.204
492.204
492.203
492.203
492.202
492.202
492.202
492.201
492.201
492.201
492.2
492.2
492.2
492.199
492.199
492.199
492.198
492.198
492.197
492.197
492.197
492.196
492.196
492.196
492.195
492.195
492.195
492.194
492.194
492.194
492.193
492.193
492.193
492.192
492.192
492.192
492.191
492.191
492.191
492.19
492.19
492.19
492.189
492.189
492.189
492.188
492.188
492.188
492.187
492.187
492.187
492.186
492.186
492.186
492.185
492.185
492.185
492.184
492.184
492.184
492.183
492.183
492.183
492.182
492.182
492.182
492.181
492.181
492.181
492.18
492.18
492.18
492.179
492.179
492.179
492.178
492.178
492.178
492.178
492.177
492.177
492.177
492.176
492.176
492.176
492.175
492.175
492.175
492.174
492.174
492.174
492.174
492.173
492.173
492.173
492.172
492.172
492.172
492.171
492.171
492.171
492.171
492.17
492.17
492.17
492.169
492.169
492.169
492.168
492.168
492.168
492.168
492.167
492.167
492.167
492.166
492.166
492.166
492.166
492.165
492.165
492.165
492.164
492.164
492.164
492.164
492.163
492.163
492.163
492.162
492.162
492.162
492.162
492.161
492.161
492.161
492.16
492.16
492.16
492.16
492.159
492.159
492.159
492.159
492.158
492.158
492.158
492.157
492.157
492.157
492.157
492.156
492.156
492.156
492.156
492.155
492.155
492.155
492.155
492.154
492.154
492.154
492.153
492.153
492.153
492.153
492.152
492.152
492.152
492.152
492.151
492.151
492.151
492.151
492.15
492.15
492.15
492.15
492.149
492.149
492.149
492.149
492.148
492.148
492.148
492.148
492.147
492.147
492.147
492.147
492.146
492.146
492.146
492.146
492.145
492.145
492.145
492.145
492.144
492.144
492.144
492.144
492.143
492.143
492.143
492.143
492.142
492.142
492.142
492.142
492.141
492.141
492.141
492.141
492.141
492.14
492.14
492.14
492.14
492.139
492.139
492.139
492.139
492.138
492.138
492.138
492.138
492.137
492.137
492.137
492.137
492.137
492.136
492.136
492.136
492.136
492.135
492.135
492.135
492.135
492.135
492.134
492.134
492.134
492.134
492.133
492.133
492.133
492.133
492.133
492.132
492.132
492.132
492.132
492.131
492.131
492.131
492.131
492.131
492.13
492.13
492.13
492.13
492.13
492.129
492.129
492.129
492.129
492.128
492.128
492.128
492.128
492.128
492.127
492.127
492.127
492.127
492.127
492.126
492.126
492.126
492.126
492.126
492.125
492.125
492.125
492.125
492.125
492.124
492.124
492.124
492.124
492.124
492.123
492.123
492.123
492.123
492.123
492.122
492.122
492.122
492.122
492.122
492.121
492.121
492.121
492.121
492.121
492.12
492.12
492.12
492.12
492.12
492.119
492.119
492.119
492.119
492.119
492.118
492.118
492.118
492.118
492.118
492.117
492.117
492.117
492.117
492.117
492.117
492.116
492.116
492.116
492.116
492.116
492.115
492.115
492.115
492.115
492.115
492.115
492.114
492.114
492.114
492.114
492.114
492.113
492.113
492.113
492.113
492.113
492.113
492.112
492.112
492.112
492.112
492.112
492.111
492.111
492.111
492.111
492.111
492.111
492.11
492.11
492.11
492.11
492.11
492.11
492.109
492.109
492.109
492.109
492.109
492.109
492.108
492.108
492.108
492.108
492.108
492.107
492.107
492.107
492.107
492.107
492.107
492.106
492.106
492.106
492.106
492.106
492.106
492.106
492.105
492.105
492.105
492.105
492.105
492.105
492.104
492.104
492.104
492.104
492.104
492.104
492.103
492.103
492.103
492.103
492.103
492.103
492.102
492.102
492.102
492.102
492.102
492.102
492.102
492.101
492.101
492.101
492.101
492.101
492.101
492.1
492.1
492.1
492.1
492.1
492.1
492.1
492.099
492.099
492.099
492.099
492.099
492.099
492.098
492.098
492.098
492.098
492.098
492.098
492.098
492.097
492.097
492.097
492.097
492.097
492.097
492.097
492.096
492.096
492.096
492.096
492.096
492.096
492.096
492.095
492.095
492.095
492.095
492.095
492.095
492.095
492.094
492.094
492.094
492.094
492.094
492.094
492.094
492.093
492.093
492.093
492.093
492.093
492.093
492.093
492.092
492.092
492.092
492.092
492.092
492.092
492.092
492.091
492.091
492.091
492.091
492.091
492.091
492.091
492.091
492.09
492.09
492.09
492.09
492.09
492.09
492.09
492.09
492.089
492.089
492.089
492.089
492.089
492.089
492.089
492.088
492.088
492.088
492.088
492.088
492.088
492.088
492.088
492.087
492.087
492.087
492.087
492.087
492.087
492.087
492.087
492.086
492.086
492.086
492.086
492.086
492.086
492.086
492.086
492.085
492.085
492.085
492.085
492.085
492.085
492.085
492.085
492.084
492.084
492.084
492.084
492.084
492.084
492.084
492.084
492.084
492.083
492.083
492.083
492.083
492.083
492.083
492.083
492.083
492.082
492.082
492.082
492.082
492.082
492.082
492.082
492.082
492.082
492.081
492.081
492.081
492.081
492.081
492.081
492.081
492.081
492.081
492.08
492.08
492.08
492.08
492.08
492.08
492.08
492.08
492.08
492.079
492.079
492.079
492.079
492.079
492.079
492.079
492.079
492.079
492.078
492.078
492.078
492.078
492.078
492.078
492.078
492.078
492.078
492.077
492.077
492.077
492.077
492.077
492.077
492.077
492.077
492.077
492.077
492.076
492.076
492.076
492.076
492.076
492.076
492.076
492.076
492.076
492.075
492.075
492.075
492.075
492.075
492.075
492.075
492.075
492.075
492.075
492.074
492.074
492.074
492.074
492.074
492.074
492.074
492.074
492.074
492.074
492.073
492.073
492.073
492.073
492.073
492.073
492.073
492.073
492.073
492.073
492.072
492.072
492.072
492.072
492.072
492.072
492.072
492.072
492.072
492.072
492.072
492.071
492.071
492.071
492.071
492.071
492.071
492.071
492.071
492.071
492.071
492.071
492.07
492.07
492.07
492.07
492.07
492.07
492.07
492.07
492.07
492.07
492.07
492.069
492.069
492.069
492.069
492.069
492.069
492.069
492.069
492.069
492.069
492.069
492.068
492.068
492.068
492.068
492.068
492.068
492.068
492.068
492.068
492.068
492.068
492.068
492.067
492.067
492.067
492.067
492.067
492.067
492.067
492.067
492.067
492.067
492.067
492.066
492.066
492.066
492.066
492.066
492.066
492.066
492.066
492.066
492.066
492.066
492.066
492.065
492.065
492.065
492.065
492.065
492.065
492.065
492.065
492.065
492.065
492.065
492.065
492.065
492.064
492.064
492.064
492.064
492.064
492.064
492.064
492.064
492.064
492.064
492.064
492.064
492.064
492.063
492.063
492.063
492.063
492.063
492.063
492.063
492.063
492.063
492.063
492.063
492.063
492.063
492.062
492.062
492.062
492.062
492.062
492.062
492.062
492.062
492.062
492.062
492.062
492.062
492.062
492.061
492.061
492.061
492.061
492.061
492.061
492.061
492.061
492.061
492.061
492.061
492.061
492.061
492.061
492.06
492.06
492.06
492.06
492.06
492.06
492.06
492.06
492.06
492.06
492.06
492.06
492.06
492.06
492.059
492.059
492.059
492.059
492.059
492.059
492.059
492.059
492.059
492.059
492.059
492.059
492.059
492.059
492.059
492.058
492.058
492.058
492.058
492.058
492.058
492.058
492.058
492.058
492.058
492.058
492.058
492.058
492.058
492.058
492.057
492.057
492.057
492.057
492.057
492.057
492.057
492.057
492.057
492.057
492.057
492.057
492.057
492.057
492.057
492.057
492.056
492.056
492.056
492.056
492.056
492.056
492.056
492.056
492.056
492.056
492.056
492.056
492.056
492.056
492.056
492.056
492.055
492.055
492.055
492.055
492.055
492.055
492.055
492.055
492.055
492.055
492.055
492.055
492.055
492.055
492.055
492.055
492.054
492.054
492.054
492.054
492.054
492.054
492.054
492.054
492.054
492.054
492.054
492.054
492.054
492.054
492.054
492.054
492.054
492.054
492.053
492.053
492.053
492.053
492.053
492.053
492.053
492.053
492.053
492.053
492.053
492.053
492.053
492.053
492.053
492.053
492.053
492.052
492.052
492.052
492.052
492.052
492.052
492.052
492.052
492.052
492.052
492.052
492.052
492.052
492.052
492.052
492.052
492.052
492.052
492.052
492.051
492.051
492.051
492.051
492.051
492.051
492.051
492.051
492.051
492.051
492.051
492.051
492.051
492.051
492.051
492.051
492.051
492.051
492.051
492.05
492.05
492.05
492.05
492.05
492.05
492.05
492.05
492.05
492.05
492.05
492.05
492.05
492.05
492.05
492.05
492.05
492.05
492.05
492.05
492.049
492.049
492.049
492.049
492.049
492.049
492.049
492.049
492.049
492.049
492.049
492.049
492.049
492.049
492.049
492.049
492.049
492.049
492.049
492.049
492.049
492.048
492.048
492.048
492.048
492.048
492.048
492.048
492.048
492.048
492.048
492.048
492.048
492.048
492.048
492.048
492.048
492.048
492.048
492.048
492.048
492.048
492.048
492.047
492.047
492.047
492.047
492.047
492.047
492.047
492.047
492.047
492.047
492.047
492.047
492.047
492.047
492.047
492.047
492.047
492.047
492.047
492.047
492.047
492.047
492.047
492.046
492.046
492.046
492.046
492.046
492.046
492.046
492.046
492.046
492.046
492.046
492.046
492.046
492.046
492.046
492.046
492.046
492.046
492.046
492.046
492.046
492.046
492.046
492.046
492.045
492.045
492.045
492.045
492.045
492.045
492.045
492.045
492.045
492.045
492.045
492.045
492.045
492.045
492.045
492.045
492.045
492.045
492.045
492.045
492.045
492.045
492.045
492.045
492.045
492.045
492.044
492.044
492.044
492.044
492.044
492.044
492.044
492.044
492.044
492.044
492.044
492.044
492.044
492.044
492.044
492.044
492.044
492.044
492.044
492.044
492.044
492.044
492.044
492.044
492.044
492.044
492.043
492.043
492.043
492.043
492.043
492.043
492.043
492.043
492.043
492.043
492.043
492.043
492.043
492.043
492.043
492.043
492.043
492.043
492.043
492.043
492.043
492.043
492.043
492.043
492.043
492.043
492.043
492.043
492.043
492.042
492.042
492.042
492.042
492.042
492.042
492.042
492.042
492.042
492.042
492.042
492.042
492.042
492.042
492.042
492.042
492.042
492.042
492.042
492.042
492.042
492.042
492.042
492.042
492.042
492.042
492.042
492.042
492.042
492.042
492.041
492.041
492.041
492.041
492.041
492.041
492.041
492.041
492.041
492.041
492.041
492.041
492.041
492.041
492.041
492.041
492.041
492.041
492.041
492.041
492.041
492.041
492.041
492.041
492.041
492.041
492.041
492.041
492.041
492.041
492.041
492.041
492.04
492.04
492.04
492.04
492.04
492.04
492.04
492.04
492.04
492.04
492.04
492.04
492.04
492.04
492.04
492.04
492.04
492.04
492.04
492.04
492.04
492.04
492.04
492.04
492.04
492.04
492.04
492.04
492.04
492.04
492.04
492.04
492.04
492.04
492.039
492.039
492.039
492.039
492.039
492.039
492.039
492.039
492.039
492.039
492.039
492.039
492.039
492.039
492.039
492.039
492.039
492.039
492.039
492.039
492.039
492.039
492.039
492.039
492.039
492.039
492.039
492.039
492.039
492.039
492.039
492.039
492.039
492.039
492.039
492.039
492.039
492.038
492.038
492.038
492.038
492.038
492.038
492.038
492.038
492.038
492.038
492.038
492.038
492.038
492.038
492.038
492.038
492.038
492.038
492.038
492.038
492.038
492.038
