1
0.953051
0.953048
0.953044
0.95304
0.953036
0.953032
0.95303
0.953027
0.953024
0.953021
0.953018
0.953015
0.953013
0.95301
0.953007
0.953004
0.953002
0.952999
0.952996
0.952993
0.95299
0.952987
0.952985
0.952982
0.952979
0.952976
0.952973
0.95297
0.952968
0.952965
0.952962
0.952959
0.952956
0.952953
0.95295
0.952947
0.952945
0.952942
0.952939
0.952936
0.952933
0.95293
0.952928
0.952925
0.952922
0.952919
0.952916
0.952913
0.95291
0.952907
0.952905
0.952902
0.952899
0.952896
0.952893
0.95289
0.952888
0.952885
0.952882
0.952879
0.952876
0.952874
0.952871
0.952868
0.952865
0.952862
0.95286
0.952857
0.952854
0.952851
0.952848
0.952846
0.952843
0.95284
0.952837
0.952834
0.952832
0.952829
0.952826
0.952823
0.952821
0.952818
0.952815
0.952812
0.95281
0.952807
0.952804
0.952801
0.952799
0.952796
0.952793
0.952791
0.952788
0.952785
0.952783
0.95278
0.952777
0.952774
0.952772
0.952769
0.952767
0.952764
0.952761
0.952758
0.952756
0.952753
0.952751
0.952748
0.952745
0.952743
0.95274
0.952737
0.952735
0.952732
0.95273
0.952727
0.952724
0.952722
0.952719
0.952716
0.952714
0.952711
0.952709
0.952706
0.952704
0.952701
0.952699
0.952696
0.952693
0.952691
0.952688
0.952686
0.952683
0.952681
0.952678
0.952676
0.952673
0.952671
0.952668
0.952666
0.952663
0.952661
0.952658
0.952656
0.952653
0.952651
0.952648
0.952646
0.952643
0.952641
0.952638
0.952636
0.952633
0.952631
0.952629
0.952626
0.952624
0.952621
0.952619
0.952616
0.952614
0.952611
0.952609
0.952607
0.952604
0.952602
0.9526
0.952597
0.952595
0.952592
0.95259
0.952588
0.952585
0.952583
0.952581
0.952578
0.952576
0.952574
0.952571
0.952569
0.952567
0.952564
0.952562
0.95256
0.952557
0.952555
0.952553
0.95255
0.952548
0.952546
0.952544
0.952541
0.952539
0.952537
0.952534
0.952532
0.95253
0.952528
0.952525
0.952523
0.952521
0.952519
0.952517
0.952514
0.952512
0.95251
0.952508
0.952505
0.952503
0.952501
0.952499
0.952496
0.952494
0.952492
0.95249
0.952488
0.952486
0.952483
0.952481
0.952479
0.952477
0.952475
0.952473
0.95247
0.952468
0.952466
0.952464
0.952462
0.95246
0.952458
0.952456
0.952453
0.952451
0.952449
0.952447
0.952445
0.952443
0.952441
0.952439
0.952437
0.952435
0.952432
0.95243
0.952428
0.952426
0.952424
0.952422
0.95242
0.952418
0.952416
0.952414
0.952412
0.95241
0.952408
0.952406
0.952404
0.952402
0.9524
0.952398
0.952396
0.952394
0.952392
0.95239
0.952388
0.952386
0.952384
0.952382
0.95238
0.952378
0.952376
0.952374
0.952372
0.95237
0.952368
0.952366
0.952364
0.952362
0.95236
0.952359
0.952357
0.952355
0.952353
0.952351
0.952349
0.952347
0.952345
0.952343
0.952341
0.952339
0.952337
0.952336
0.952334
0.952332
0.95233
0.952328
0.952326
0.952324
0.952322
0.952321
0.952319
0.952317
0.952315
0.952313
0.952311
0.95231
0.952308
0.952306
0.952304
0.952302
0.9523
0.952299
0.952297
0.952295
0.952293
0.952291
0.95229
0.952288
0.952286
0.952284
0.952282
0.952281
0.952279
0.952277
0.952275
0.952274
0.952272
0.95227
0.952268
0.952267
0.952265
0.952263
0.952261
0.95226
0.952258
0.952256
0.952254
0.952253
0.952251
0.952249
0.952248
0.952246
0.952244
0.952242
0.952241
0.952239
0.952237
0.952236
0.952234
0.952232
0.952231
0.952229
0.952227
0.952226
0.952224
0.952222
0.952221
0.952219
0.952217
0.952216
0.952214
0.952212
0.952211
0.952209
0.952207
0.952206
0.952204
0.952203
0.952201
0.952199
0.952198
0.952196
0.952194
0.952193
0.952191
0.95219
0.952188
0.952187
0.952185
0.952183
0.952182
0.95218
0.952179
0.952177
0.952175
0.952174
0.952172
0.952171
0.952169
0.952168
0.952166
0.952165
0.952163
0.952162
0.95216
0.952158
0.952157
0.952155
0.952154
0.952152
0.952151
0.952149
0.952148
0.952146
0.952145
0.952143
0.952142
0.95214
0.952139
0.952137
0.952136
0.952134
0.952133
0.952131
0.95213
0.952128
0.952127
0.952125
0.952124
0.952122
0.952121
0.95212
0.952118
0.952117
0.952115
0.952114
0.952112
0.952111
0.952109
0.952108
0.952107
0.952105
0.952104
0.952102
0.952101
0.952099
0.952098
0.952097
0.952095
0.952094
0.952092
0.952091
0.95209
0.952088
0.952087
0.952085
0.952084
0.952083
0.952081
0.95208
0.952078
0.952077
0.952076
0.952074
0.952073
0.952072
0.95207
0.952069
0.952068
0.952066
0.952065
0.952064
0.952062
0.952061
0.95206
0.952058
0.952057
0.952056
0.952054
0.952053
0.952052
0.95205
0.952049
0.952048
0.952046
0.952045
0.952044
0.952042
0.952041
0.95204
0.952039
0.952037
0.952036
0.952035
0.952033
0.952032
0.952031
0.95203
0.952028
0.952027
0.952026
0.952025
0.952023
0.952022
0.952021
0.952019
0.952018
0.952017
0.952016
0.952014
0.952013
0.952012
0.952011
0.95201
0.952008
0.952007
0.952006
0.952005
0.952003
0.952002
0.952001
0.952
0.951998
0.951997
0.951996
0.951995
0.951994
0.951992
0.951991
0.95199
0.951989
0.951988
0.951986
0.951985
0.951984
0.951983
0.951982
0.951981
0.951979
0.951978
0.951977
0.951976
0.951975
0.951974
0.951972
0.951971
0.95197
0.951969
0.951968
0.951967
0.951965
0.951964
0.951963
0.951962
0.951961
0.95196
0.951959
0.951958
0.951956
0.951955
0.951954
0.951953
0.951952
0.951951
0.95195
0.951949
0.951947
0.951946
0.951945
0.951944
0.951943
0.951942
0.951941
0.95194
0.951939
0.951938
0.951936
0.951935
0.951934
0.951933
0.951932
0.951931
0.95193
0.951929
0.951928
0.951927
0.951926
0.951925
0.951924
0.951923
0.951922
0.951921
0.951919
0.951918
0.951917
0.951916
0.951915
0.951914
0.951913
0.951912
0.951911
0.95191
0.951909
0.951908
0.951907
0.951906
0.951905
0.951904
0.951903
0.951902
0.951901
0.9519
0.951899
0.951898
0.951897
0.951896
0.951895
0.951894
0.951893
0.951892
0.951891
0.95189
0.951889
0.951888
0.951887
0.951886
0.951885
0.951884
0.951883
0.951882
0.951881
0.95188
0.951879
0.951878
0.951877
0.951876
0.951875
0.951874
0.951873
0.951872
0.951871
0.95187
0.951869
0.951869
0.951868
0.951867
0.951866
0.951865
0.951864
0.951863
0.951862
0.951861
0.95186
0.951859
0.951858
0.951857
0.951856
0.951855
0.951854
0.951854
0.951853
0.951852
0.951851
0.95185
0.951849
0.951848
0.951847
0.951846
0.951845
0.951845
0.951844
0.951843
0.951842
0.951841
0.95184
0.951839
0.951838
0.951837
0.951836
0.951836
0.951835
0.951834
0.951833
0.951832
0.951831
0.95183
0.951829
0.951829
0.951828
0.951827
0.951826
0.951825
0.951824
0.951823
0.951823
0.951822
0.951821
0.95182
0.951819
0.951818
0.951817
0.951817
0.951816
0.951815
0.951814
0.951813
0.951812
0.951812
0.951811
0.95181
0.951809
0.951808
0.951807
0.951807
0.951806
0.951805
0.951804
0.951803
0.951803
0.951802
0.951801
0.9518
0.951799
0.951799
0.951798
0.951797
0.951796
0.951795
0.951795
0.951794
0.951793
0.951792
0.951791
0.951791
0.95179
0.951789
0.951788
0.951787
0.951787
0.951786
0.951785
0.951784
0.951784
0.951783
0.951782
0.951781
0.95178
0.95178
0.951779
0.951778
0.951777
0.951777
0.951776
0.951775
0.951774
0.951774
0.951773
0.951772
0.951771
0.951771
0.95177
0.951769
0.951768
0.951768
0.951767
0.951766
0.951765
0.951765
0.951764
0.951763
0.951762
0.951762
0.951761
0.95176
0.95176
0.951759
0.951758
0.951757
0.951757
0.951756
0.951755
0.951755
0.951754
0.951753
0.951752
0.951752
0.951751
0.95175
0.95175
0.951749
0.951748
0.951747
0.951747
0.951746
0.951745
0.951745
0.951744
0.951743
0.951743
0.951742
0.951741
0.951741
0.95174
0.951739
0.951738
0.951738
0.951737
0.951736
0.951736
0.951735
0.951734
0.951734
0.951733
0.951732
0.951732
0.951731
0.95173
0.95173
0.951729
0.951728
0.951728
0.951727
0.951726
0.951726
0.951725
0.951724
0.951724
0.951723
0.951723
0.951722
0.951721
0.951721
0.95172
0.951719
0.951719
0.951718
0.951717
0.951717
0.951716
0.951715
0.951715
0.951714
0.951714
0.951713
0.951712
0.951712
0.951711
0.95171
0.95171
0.951709
0.951709
0.951708
0.951707
0.951707
0.951706
0.951705
0.951705
0.951704
0.951704
0.951703
0.951702
0.951702
0.951701
0.951701
0.9517
0.951699
0.951699
0.951698
0.951698
0.951697
0.951696
0.951696
0.951695
0.951695
0.951694
0.951693
0.951693
0.951692
0.951692
0.951691
0.95169
0.95169
0.951689
0.951689
0.951688
0.951688
0.951687
0.951686
0.951686
0.951685
0.951685
0.951684
0.951684
0.951683
0.951682
0.951682
0.951681
0.951681
0.95168
0.95168
0.951679
0.951679
0.951678
0.951677
0.951677
0.951676
0.951676
0.951675
0.951675
0.951674
0.951674
0.951673
0.951672
0.951672
0.951671
0.951671
0.95167
0.95167
0.951669
0.951669
0.951668
0.951668
0.951667
0.951667
0.951666
0.951665
0.951665
0.951664
0.951664
0.951663
0.951663
0.951662
0.951662
0.951661
0.951661
0.95166
0.95166
0.951659
0.951659
0.951658
0.951658
0.951657
0.951657
0.951656
0.951655
0.951655
0.951654
0.951654
0.951653
0.951653
0.951652
0.951652
0.951651
0.951651
0.95165
0.95165
0.951649
0.951649
0.951648
0.951648
0.951647
0.951647
0.951646
0.951646
0.951645
0.951645
0.951644
0.951644
0.951644
0.951643
0.951643
0.951642
0.951642
0.951641
0.951641
0.95164
0.95164
0.951639
0.951639
0.951638
0.951638
0.951637
0.951637
0.951636
0.951636
0.951635
0.951635
0.951634
0.951634
0.951634
0.951633
0.951633
0.951632
0.951632
0.951631
0.951631
0.95163
0.95163
0.951629
0.951629
0.951628
0.951628
0.951628
0.951627
0.951627
0.951626
0.951626
0.951625
0.951625
0.951624
0.951624
0.951623
0.951623
0.951623
0.951622
0.951622
0.951621
0.951621
0.95162
0.95162
0.951619
0.951619
0.951619
0.951618
0.951618
0.951617
0.951617
0.951616
0.951616
0.951616
0.951615
0.951615
0.951614
0.951614
0.951613
0.951613
0.951613
0.951612
0.951612
0.951611
0.951611
0.951611
0.95161
0.95161
0.951609
0.951609
0.951608
0.951608
0.951608
0.951607
0.951607
0.951606
0.951606
0.951606
0.951605
0.951605
0.951604
0.951604
0.951603
0.951603
0.951603
0.951602
0.951602
0.951601
0.951601
0.951601
0.9516
0.9516
0.951599
0.951599
0.951599
0.951598
0.951598
0.951598
0.951597
0.951597
0.951596
0.951596
0.951596
0.951595
0.951595
0.951594
0.951594
0.951594
0.951593
0.951593
0.951592
0.951592
0.951592
0.951591
0.951591
0.951591
0.95159
0.95159
0.951589
0.951589
0.951589
0.951588
0.951588
0.951588
0.951587
0.951587
0.951586
0.951586
0.951586
0.951585
0.951585
0.951585
0.951584
0.951584
0.951584
0.951583
0.951583
0.951582
0.951582
0.951582
0.951581
0.951581
0.951581
0.95158
0.95158
0.95158
0.951579
0.951579
0.951579
0.951578
0.951578
0.951577
0.951577
0.951577
0.951576
0.951576
0.951576
0.951575
0.951575
0.951575
0.951574
0.951574
0.951574
0.951573
0.951573
0.951573
0.951572
0.951572
0.951572
0.951571
0.951571
0.951571
0.95157
0.95157
0.95157
0.951569
0.951569
0.951569
0.951568
0.951568
0.951568
0.951567
0.951567
0.951567
0.951566
0.951566
0.951566
0.951565
0.951565
0.951565
0.951564
0.951564
0.951564
0.951563
0.951563
0.951563
0.951562
0.951562
0.951562
0.951561
0.951561
0.951561
0.95156
0.95156
0.95156
0.95156
0.951559
0.951559
0.951559
0.951558
0.951558
0.951558
0.951557
0.951557
0.951557
0.951556
0.951556
0.951556
0.951555
0.951555
0.951555
0.951555
0.951554
0.951554
0.951554
0.951553
0.951553
0.951553
0.951552
0.951552
0.951552
0.951552
0.951551
0.951551
0.951551
0.95155
0.95155
0.95155
0.951549
0.951549
0.951549
0.951549
0.951548
0.951548
0.951548
0.951547
0.951547
0.951547
0.951547
0.951546
0.951546
0.951546
0.951545
0.951545
0.951545
0.951545
0.951544
0.951544
0.951544
0.951543
0.951543
0.951543
0.951543
0.951542
0.951542
0.951542
0.951541
0.951541
0.951541
0.951541
0.95154
0.95154
0.95154
0.95154
0.951539
0.951539
0.951539
0.951538
0.951538
0.951538
0.951538
0.951537
0.951537
0.951537
0.951537
0.951536
0.951536
0.951536
0.951536
0.951535
0.951535
0.951535
0.951534
0.951534
0.951534
0.951534
0.951533
0.951533
0.951533
0.951533
0.951532
0.951532
0.951532
0.951532
0.951531
0.951531
0.951531
0.951531
0.95153
0.95153
0.95153
0.95153
0.951529
0.951529
0.951529
0.951529
0.951528
0.951528
0.951528
0.951528
0.951527
0.951527
0.951527
0.951527
0.951526
0.951526
0.951526
0.951526
0.951525
0.951525
0.951525
0.951525
0.951524
0.951524
0.951524
0.951524
0.951523
0.951523
0.951523
0.951523
0.951522
0.951522
0.951522
0.951522
0.951522
0.951521
0.951521
0.951521
0.951521
0.95152
0.95152
0.95152
0.95152
0.951519
0.951519
0.951519
0.951519
0.951518
0.951518
0.951518
0.951518
0.951518
0.951517
0.951517
0.951517
0.951517
0.951516
0.951516
0.951516
0.951516
0.951516
0.951515
0.951515
0.951515
0.951515
0.951514
0.951514
0.951514
0.951514
0.951514
0.951513
0.951513
0.951513
0.951513
0.951512
0.951512
0.951512
0.951512
0.951512
0.951511
0.951511
0.951511
0.951511
0.951511
0.95151
0.95151
0.95151
0.95151
0.951509
0.951509
0.951509
0.951509
0.951509
0.951508
0.951508
0.951508
0.951508
0.951508
0.951507
0.951507
0.951507
0.951507
0.951507
0.951506
0.951506
0.951506
0.951506
0.951506
0.951505
0.951505
0.951505
0.951505
0.951504
0.951504
0.951504
0.951504
0.951504
0.951504
0.951503
0.951503
0.951503
0.951503
0.951503
0.951502
0.951502
0.951502
0.951502
0.951502
0.951501
0.951501
0.951501
0.951501
0.951501
0.9515
0.9515
0.9515
0.9515
0.9515
0.951499
0.951499
0.951499
0.951499
0.951499
0.951498
0.951498
0.951498
0.951498
0.951498
0.951498
0.951497
0.951497
0.951497
0.951497
0.951497
0.951496
0.951496
0.951496
0.951496
0.951496
0.951495
0.951495
0.951495
0.951495
0.951495
0.951495
0.951494
0.951494
0.951494
0.951494
0.951494
0.951494
0.951493
0.951493
0.951493
0.951493
0.951493
0.951492
0.951492
0.951492
0.951492
0.951492
0.951492
0.951491
0.951491
0.951491
0.951491
0.951491
0.951491
0.95149
0.95149
0.95149
0.95149
0.95149
0.95149
0.951489
0.951489
0.951489
0.951489
0.951489
0.951488
0.951488
0.951488
0.951488
0.951488
0.951488
0.951487
0.951487
0.951487
0.951487
0.951487
0.951487
0.951486
0.951486
0.951486
0.951486
0.951486
0.951486
0.951486
0.951485
0.951485
0.951485
0.951485
0.951485
0.951485
0.951484
0.951484
0.951484
0.951484
0.951484
0.951484
0.951483
0.951483
0.951483
0.951483
0.951483
0.951483
0.951482
0.951482
0.951482
0.951482
0.951482
0.951482
0.951482
0.951481
0.951481
0.951481
0.951481
0.951481
0.951481
0.951481
0.95148
0.95148
0.95148
0.95148
0.95148
0.95148
0.951479
0.951479
0.951479
0.951479
0.951479
0.951479
0.951479
0.951478
0.951478
0.951478
0.951478
0.951478
0.951478
0.951478
0.951477
0.951477
0.951477
0.951477
0.951477
0.951477
0.951477
0.951476
0.951476
0.951476
0.951476
0.951476
0.951476
0.951476
0.951475
0.951475
0.951475
0.951475
0.951475
0.951475
0.951475
0.951474
0.951474
0.951474
0.951474
0.951474
0.951474
0.951474
0.951473
0.951473
0.951473
0.951473
0.951473
0.951473
0.951473
0.951472
0.951472
0.951472
0.951472
0.951472
0.951472
0.951472
0.951472
0.951471
0.951471
0.951471
0.951471
0.951471
0.951471
0.951471
0.95147
0.95147
0.95147
0.95147
0.95147
0.95147
0.95147
0.95147
0.951469
0.951469
0.951469
0.951469
0.951469
0.951469
0.951469
0.951469
0.951468
0.951468
0.951468
0.951468
0.951468
0.951468
0.951468
0.951468
0.951467
0.951467
0.951467
0.951467
0.951467
0.951467
0.951467
0.951467
0.951466
0.951466
0.951466
0.951466
0.951466
0.951466
0.951466
0.951466
0.951465
0.951465
0.951465
0.951465
0.951465
0.951465
0.951465
0.951465
0.951464
0.951464
0.951464
0.951464
0.951464
0.951464
0.951464
0.951464
0.951464
0.951463
0.951463
0.951463
0.951463
0.951463
0.951463
0.951463
0.951463
0.951463
0.951462
0.951462
0.951462
0.951462
0.951462
0.951462
0.951462
0.951462
0.951461
0.951461
0.951461
0.951461
0.951461
0.951461
0.951461
0.951461
0.951461
0.95146
0.95146
0.95146
0.95146
0.95146
0.95146
0.95146
0.95146
0.95146
0.95146
0.951459
0.951459
0.951459
0.951459
0.951459
0.951459
0.951459
0.951459
0.951459
0.951458
0.951458
0.951458
0.951458
0.951458
0.951458
0.951458
0.951458
0.951458
0.951457
0.951457
0.951457
0.951457
0.951457
0.951457
0.951457
0.951457
0.951457
0.951457
0.951456
0.951456
0.951456
0.951456
0.951456
0.951456
0.951456
0.951456
0.951456
0.951456
0.951455
0.951455
0.951455
0.951455
0.951455
0.951455
0.951455
0.951455
0.951455
0.951455
0.951454
0.951454
0.951454
0.951454
0.951454
0.951454
0.951454
0.951454
0.951454
0.951454
0.951453
0.951453
0.951453
0.951453
0.951453
0.951453
0.951453
0.951453
0.951453
0.951453
0.951453
0.951452
0.951452
0.951452
0.951452
0.951452
0.951452
0.951452
0.951452
0.951452
0.951452
0.951452
0.951451
0.951451
0.951451
0.951451
0.951451
0.951451
0.951451
0.951451
0.951451
0.951451
0.951451
0.95145
0.95145
0.95145
0.95145
0.95145
0.95145
0.95145
0.95145
0.95145
0.95145
0.95145
0.951449
0.951449
0.951449
0.951449
0.951449
0.951449
0.951449
0.951449
0.951449
0.951449
0.951449
0.951449
0.951448
0.951448
0.951448
0.951448
0.951448
0.951448
0.951448
0.951448
0.951448
0.951448
0.951448
0.951447
0.951447
0.951447
0.951447
0.951447
0.951447
0.951447
0.951447
0.951447
0.951447
0.951447
0.951447
0.951446
0.951446
0.951446
0.951446
0.951446
0.951446
0.951446
0.951446
0.951446
0.951446
0.951446
0.951446
0.951446
0.951445
0.951445
0.951445
0.951445
0.951445
0.951445
0.951445
0.951445
0.951445
0.951445
0.951445
0.951445
0.951445
0.951444
0.951444
0.951444
0.951444
0.951444
0.951444
0.951444
0.951444
0.951444
0.951444
0.951444
0.951444
0.951444
0.951443
0.951443
0.951443
0.951443
0.951443
0.951443
0.951443
0.951443
0.951443
0.951443
0.951443
0.951443
0.951443
0.951442
0.951442
0.951442
0.951442
0.951442
0.951442
0.951442
0.951442
0.951442
0.951442
0.951442
0.951442
0.951442
0.951442
0.951441
0.951441
0.951441
0.951441
0.951441
0.951441
0.951441
0.951441
0.951441
0.951441
0.951441
0.951441
0.951441
0.951441
0.95144
0.95144
0.95144
0.95144
0.95144
0.95144
0.95144
0.95144
0.95144
0.95144
0.95144
0.95144
0.95144
0.95144
0.95144
0.951439
0.951439
0.951439
0.951439
0.951439
0.951439
0.951439
0.951439
0.951439
0.951439
0.951439
0.951439
0.951439
0.951439
0.951439
0.951438
0.951438
0.951438
0.951438
0.951438
0.951438
0.951438
0.951438
0.951438
0.951438
0.951438
0.951438
0.951438
0.951438
0.951438
0.951438
0.951437
0.951437
0.951437
0.951437
0.951437
0.951437
0.951437
0.951437
0.951437
0.951437
0.951437
0.951437
0.951437
0.951437
0.951437
0.951437
0.951436
0.951436
0.951436
0.951436
0.951436
0.951436
0.951436
0.951436
0.951436
0.951436
0.951436
0.951436
0.951436
0.951436
0.951436
0.951436
0.951436
0.951435
0.951435
0.951435
0.951435
0.951435
0.951435
0.951435
0.951435
0.951435
0.951435
0.951435
0.951435
0.951435
0.951435
0.951435
0.951435
0.951435
0.951434
0.951434
0.951434
0.951434
0.951434
0.951434
0.951434
0.951434
0.951434
0.951434
0.951434
0.951434
0.951434
0.951434
0.951434
0.951434
0.951434
0.951434
0.951433
0.951433
0.951433
0.951433
0.951433
0.951433
0.951433
0.951433
0.951433
0.951433
0.951433
0.951433
0.951433
0.951433
0.951433
0.951433
0.951433
0.951433
0.951432
0.951432
0.951432
0.951432
0.951432
0.951432
0.951432
0.951432
0.951432
0.951432
0.951432
0.951432
0.951432
0.951432
0.951432
0.951432
0.951432
0.951432
0.951432
0.951432
0.951431
0.951431
0.951431
0.951431
0.951431
0.951431
0.951431
0.951431
0.951431
0.951431
0.951431
0.951431
0.951431
0.951431
0.951431
0.951431
0.951431
0.951431
0.951431
0.951431
0.95143
0.95143
0.95143
0.95143
0.95143
0.95143
0.95143
0.95143
0.95143
0.95143
0.95143
0.95143
0.95143
0.95143
0.95143
0.95143
0.95143
0.95143
0.95143
0.95143
0.95143
0.951429
0.951429
0.951429
0.951429
0.951429
0.951429
0.951429
0.951429
0.951429
0.951429
0.951429
0.951429
0.951429
0.951429
0.951429
0.951429
0.951429
0.951429
0.951429
0.951429
0.951429
0.951429
0.951428
0.951428
0.951428
0.951428
0.951428
0.951428
0.951428
0.951428
0.951428
0.951428
0.951428
0.951428
0.951428
0.951428
0.951428
0.951428
0.951428
0.951428
0.951428
0.951428
0.951428
0.951428
0.951428
0.951427
0.951427
0.951427
0.951427
0.951427
0.951427
0.951427
0.951427
0.951427
0.951427
0.951427
0.951427
0.951427
0.951427
0.951427
0.951427
0.951427
0.951427
0.951427
0.951427
0.951427
0.951427
0.951427
0.951427
0.951426
0.951426
0.951426
0.951426
0.951426
0.951426
0.951426
0.951426
0.951426
0.951426
0.951426
0.951426
0.951426
0.951426
0.951426
0.951426
0.951426
0.951426
0.951426
0.951426
0.951426
0.951426
0.951426
0.951426
0.951426
0.951426
0.951425
0.951425
0.951425
0.951425
0.951425
0.951425
0.951425
0.951425
0.951425
0.951425
0.951425
0.951425
0.951425
0.951425
0.951425
0.951425
0.951425
0.951425
0.951425
0.951425
0.951425
0.951425
0.951425
0.951425
0.951425
0.951425
0.951425
0.951424
0.951424
0.951424
0.951424
0.951424
0.951424
0.951424
0.951424
0.951424
0.951424
0.951424
0.951424
0.951424
0.951424
0.951424
0.951424
0.951424
0.951424
0.951424
0.951424
0.951424
0.951424
0.951424
0.951424
0.951424
0.951424
0.951424
0.951424
0.951423
0.951423
0.951423
0.951423
0.951423
0.951423
0.951423
0.951423
0.951423
0.951423
0.951423
0.951423
0.951423
0.951423
0.951423
0.951423
0.951423
0.951423
0.951423
0.951423
0.951423
0.951423
0.951423
0.951423
0.951423
0.951423
0.951423
0.951423
0.951423
0.951423
0.951423
0.951422
0.951422
0.951422
0.951422
0.951422
0.951422
0.951422
0.951422
0.951422
0.951422
0.951422
0.951422
0.951422
0.951422
0.951422
0.951422
0.951422
0.951422
0.951422
0.951422
0.951422
0.951422
0.951422
0.951422
0.951422
0.951422
0.951422
0.951422
0.951422
0.951422
0.951422
0.951422
0.951421
0.951421
0.951421
0.951421
0.951421
0.951421
0.951421
0.951421
0.951421
0.951421
0.951421
0.951421
0.951421
0.951421
0.951421
0.951421
0.951421
0.951421
0.951421
0.951421
0.951421
0.951421
0.951421
0.951421
0.951421
0.951421
0.951421
0.951421
0.951421
0.951421
0.951421
0.951421
0.951421
0.951421
0.95142
0.95142
0.95142
0.95142
0.95142
0.95142
0.95142
0.95142
0.95142
0.95142
0.95142
0.95142
0.95142
0.95142
0.95142
0.95142
0.95142
0.95142
0.95142
0.95142
0.95142
0.95142
0.95142
0.95142
0.95142
0.95142
0.95142
0.95142
0.95142
0.95142
0.95142
0.95142
0.95142
0.95142
0.95142
0.95142
0.95142
0.95142
0.951419
0.951419
0.951419
0.951419
0.951419
0.951419
0.951419
0.951419
0.951419
0.951419
0.951419
0.951419
0.951419
0.951419
0.951419
0.951419
0.951419
0.951419
0.951419
0.951419
0.951419
0.951419
0.951419
0.951419
0.951419
0.951419
0.951419
0.951419
0.951419
0.951419
0.951419
0.951419
0.951419
0.951419
0.951419
0.951419
0.951419
0.951419
0.951419
0.951419
0.951418
0.951418
0.951418
0.951418
0.951418
0.951418
0.951418
0.951418
0.951418
0.951418
0.951418
0.951418
0.951418
0.951418
0.951418
0.951418
0.951418
0.951418
0.951418
0.951418
0.951418
0.951418
0.951418
0.951418
0.951418
0.951418
0.951418
0.951418
0.951418
0.951418
0.951418
0.951418
0.951418
0.951418
0.951418
0.951418
0.951418
0.951418
0.951418
0.951418
0.951418
0.951418
0.951418
0.951418
0.951417
0.951417
0.951417
0.951417
0.951417
0.951417
0.951417
0.951417
0.951417
0.951417
0.951417
0.951417
0.951417
0.951417
0.951417
0.951417
0.951417
0.951417
0.951417
0.951417
0.951417
0.951417
0.951417
0.951417
0.951417
0.951417
0.951417
0.951417
0.951417
0.951417
0.951417
0.951417
0.951417
0.951417
0.951417
0.951417
0.951417
0.951417
0.951417
0.951417
0.951417
0.951417
0.951417
0.951417
0.951417
0.951417
0.951417
0.951417
0.951416
0.951416
0.951416
0.951416
0.951416
0.951416
0.951416
0.951416
0.951416
0.951416
0.951416
0.951416
0.951416
0.951416
0.951416
0.951416
0.951416
0.951416
0.951416
0.951416
0.951416
0.951416
0.951416
0.951416
0.951416
0.951416
0.951416
0.951416
0.951416
0.951416
0.951416
0.951416
0.951416
0.951416
0.951416
0.951416
0.951416
0.951416
0.951416
0.951416
0.951416
0.951416
0.951416
0.951416
0.951416
0.951416
0.951416
0.951416
0.951416
0.951416
0.951416
0.951416
0.951416
0.951416
0.951415
0.951415
0.951415
0.951415
0.951415
0.951415
0.951415
0.951415
0.951415
0.951415
0.951415
0.951415
0.951415
0.951415
0.951415
0.951415
0.951415
0.951415
0.951415
0.951415
0.951415
0.951415
0.951415
0.951415
0.951415
0.951415
0.951415
0.951415
0.951415
0.951415
0.951415
0.951415
0.951415
0.951415
0.951415
0.951415
0.951415
0.951415
0.951415
0.951415
0.951415
0.951415
0.951415
0.951415
0.951415
0.951415
0.951415
0.951415
0.951415
0.951415
0.951415
0.951415
0.951415
0.951415
0.951415
0.951415
0.951415
0.951415
0.951415
0.951415
0.951415
0.951414
0.951414
0.951414
0.951414
0.951414
0.951414
0.951414
0.951414
0.951414
0.951414
0.951414
0.951414
0.951414
0.951414
0.951414
0.951414
0.951414
0.951414
0.951414
0.951414
0.951414
0.951414
0.951414
0.951414
0.951414
0.951414
0.951414
0.951414
0.951414
0.951414
0.951414
0.951414
0.951414
0.951414
0.951414
0.951414
0.951414
0.951414
0.951414
0.951414
0.951414
0.951414
0.951414
0.951414
0.951414
0.951414
0.951414
0.951414
0.951414
0.951414
0.951414
0.951414
0.951414
0.951414
0.951414
0.951414
0.951414
0.951414
0.951414
0.951414
0.951414
0.951414
0.951414
0.951414
0.951414
0.951414
0.951414
0.951414
0.951414
0.951413
0.951413
0.951413
0.951413
0.951413
0.951413
0.951413
0.951413
0.951413
0.951413
0.951413
0.951413
0.951413
0.951413
0.951413
0.951413
0.951413
0.951413
0.951413
0.951413
0.951413
0.951413
0.951413
0.951413
0.951413
0.951413
0.951413
0.951413
0.951413
0.951413
0.951413
0.951413
0.951413
0.951413
0.951413
0.951413
0.951413
0.951413
0.951413
0.951413
0.951413
0.951413
0.951413
0.951413
0.951413
0.951413
0.951413
0.951413
0.951413
0.951413
0.951413
0.951413
0.951413
0.951413
0.951413
0.951413
0.951413
0.951413
0.951413
0.951413
0.951413
0.951413
0.951413
0.951413
0.951413
0.951413
0.951413
0.951413
0.951413
0.951413
0.951413
0.951413
0.951413
0.951413
0.951413
0.951413
0.951413
0.951413
0.951413
0.951413
0.951412
0.951412
0.951412
0.951412
0.951412
0.951412
0.951412
0.951412
0.951412
0.951412
0.951412
0.951412
0.951412
0.951412
0.951412
0.951412
0.951412
0.951412
0.951412
0.951412
0.951412
0.951412
0.951412
0.951412
0.951412
0.951412
0.951412
0.951412
0.951412
0.951412
0.951412
0.951412
0.951412
0.951412
0.951412
0.951412
0.951412
0.951412
0.951412
0.951412
0.951412
0.951412
0.951412
0.951412
0.951412
0.951412
0.951412
0.951412
0.951412
0.951412
0.951412
0.951412
0.951412
0.951412
0.951412
0.951412
0.951412
0.951412
0.951412
0.951412
0.951412
0.951412
0.951412
0.951412
0.951412
0.951412
0.951412
0.951412
0.951412
0.951412
0.951412
0.951412
0.951412
0.951412
0.951412
0.951412
0.951412
0.951412
0.951412
0.951412
0.951412
0.951412
0.951412
0.951412
0.951412
0.951412
0.951412
0.951412
0.951412
0.951412
0.951412
0.951412
0.951412
0.951412
0.951412
0.951412
0.951412
0.951411
0.951411
0.951411
0.951411
0.951411
0.951411
0.951411
0.951411
0.951411
0.951411
0.951411
0.951411
0.951411
0.951411
0.951411
0.951411
0.951411
0.951411
0.951411
0.951411
0.951411
0.951411
0.951411
0.951411
0.951411
0.951411
0.951411
0.951411
0.951411
0.951411
0.951411
0.951411
0.951411
0.951411
0.951411
0.951411
0.951411
0.951411
0.951411
0.951411
0.951411
0.951411
0.951411
0.951411
0.951411
0.951411
0.951411
0.951411
0.951411
0.951411
0.951411
0.951411
0.951411
0.951411
0.951411
0.951411
0.951411
0.951411
0.951411
0.951411
0.951411
0.951411
0.951411
0.951411
0.951411
0.951411
0.951411
0.951411
0.951411
0.951411
0.951411
0.951411
0.951411
0.951411
0.951411
0.951411
0.951411
0.951411
0.951411
0.951411
0.951411
0.951411
0.951411
0.951411
0.951411
0.951411
0.951411
0.951411
0.951411
0.951411
0.951411
0.951411
0.951411
0.951411
0.951411
0.951411
0.951411
0.951411
0.951411
0.951411
0.951411
0.951411
0.951411
0.951411
0.951411
0.951411
0.951411
0.951411
0.951411
0.951411
0.951411
0.951411
0.951411
0.951411
0.951411
0.951411
0.951411
0.951411
0.951411
0.951411
0.951411
0.95141
0.95141
0.95141
0.95141
0.95141
0.95141
0.95141
0.95141
0.95141
0.95141
0.95141
0.95141
0.95141
0.95141
0.95141
0.95141
0.95141
0.95141
0.95141
0.95141
0.95141
0.95141
0.95141
0.95141
0.95141
0.95141
0.95141
0.95141
0.95141
0.95141
0.95141
0.95141
0.95141
0.95141
0.95141
0.95141
0.95141
0.95141
0.95141
0.95141
0.95141
0.95141
0.95141
0.95141
0.95141
0.95141
0.95141
0.95141
0.95141
0.95141
0.95141
0.95141
0.95141
0.95141
0.95141
0.95141
0.95141
0.95141
0.95141
0.95141
0.95141
0.95141
0.95141
0.95141
0.95141
0.95141
0.95141
0.95141
0.95141
0.95141
0.95141
0.95141
0.95141
0.95141
0.95141
0.95141
0.95141
0.95141
0.95141
0.95141
0.95141
0.95141
0.95141
0.95141
0.95141
0.95141
0.95141
0.95141
0.95141
0.95141
0.95141
0.95141
0.95141
0.95141
0.95141
0.95141
0.95141
0.95141
0.95141
0.95141
0.95141
0.95141
0.95141
0.95141
0.95141
0.95141
0.95141
0.95141
0.95141
0.95141
0.95141
0.95141
0.95141
0.95141
0.95141
0.95141
0.95141
0.95141
0.95141
0.95141
0.95141
0.95141
0.95141
0.95141
0.95141
0.95141
0.95141
0.95141
0.95141
0.95141
0.95141
0.95141
0.95141
0.95141
0.95141
0.95141
0.95141
0.95141
0.95141
0.95141
0.95141
0.95141
0.95141
0.95141
0.95141
0.95141
0.95141
0.95141
0.95141
0.95141
0.95141
0.95141
0.95141
0.95141
0.95141
0.95141
0.95141
0.95141
0.95141
0.95141
0.95141
0.951409
0.951409
0.951409
0.951409
0.951409
0.951409
0.951409
0.951409
0.951409
0.951409
0.951409
0.951409
0.951409
0.951409
0.951409
0.951409
0.951409
0.951409
0.951409
0.951409
0.951409
0.951409
0.951409
0.951409
0.951409
0.951409
0.951409
0.951409
0.951409
0.951409
0.951409
0.951409
0.951409
0.951409
0.951409
0.951409
0.951409
0.951409
0.951409
0.951409
0.951409
0.951409
0.951409
0.951409
0.951409
0.951409
0.951409
0.951409
0.951409
0.951409
0.951409
0.951409
0.951409
0.951409
0.951409
0.951409
0.951409
0.951409
0.951409
0.951409
0.951409
0.951409
0.951409
0.951409
0.951409
0.951409
0.951409
0.951409
0.951409
0.951409
0.951409
0.951409
0.951409
0.951409
0.951409
0.951409
0.951409
0.951409
0.951409
0.951409
0.951409
0.951409
0.951409
0.951409
0.951409
0.951409
0.951409
0.951409
0.951409
0.951409
0.951409
0.951409
0.951409
0.951409
0.951409
0.951409
0.951409
0.951409
0.951409
0.951409
0.951409
0.951409
0.951409
0.951409
0.951409
0.951409
0.951409
0.951409
0.951409
0.951409
0.951409
0.951409
0.951409
0.951409
0.951409
0.951409
0.951409
0.951409
0.951409
0.951409
0.951409
0.951409
0.951409
0.951409
0.951409
0.951409
0.951409
0.951409
0.951409
0.951409
0.951409
0.951409
0.951409
0.951409
0.951409
0.951409
0.951409
0.951409
0.951409
0.951409
0.951409
0.951409
0.951409
0.951409
0.951409
0.951409
0.951409
0.951409
0.951409
0.951409
0.951409
0.951409
0.951409
0.951409
0.951409
0.951409
0.951409
0.951409
0.951409
0.951409
0.951409
0.951409
0.951409
0.951409
0.951409
0.951409
0.951409
0.951409
0.951409
0.951409
0.951409
0.951409
0.951409
0.951409
0.951409
0.951409
0.951409
0.951409
0.951409
0.951409
0.951409
0.951409
0.951409
0.951409
0.951409
0.951409
0.951409
0.951409
0.951409
0.951409
0.951409
0.951409
0.951409
0.951409
0.951409
0.951409
0.951409
0.951409
0.951409
0.951409
0.951409
0.951409
0.951409
0.951409
0.951409
0.951409
0.951409
0.951409
0.951409
0.951409
0.951409
0.951409
0.951409
0.951409
0.951409
0.951409
0.951409
0.951409
0.951409
0.951409
0.951409
0.951409
0.951409
0.951409
0.951409
0.951409
0.951409
0.951409
0.951409
0.951409
0.951409
0.951409
0.951409
0.951409
0.951409
0.951409
0.951409
0.951409
0.951409
0.951409
0.951409
0.951409
0.951409
0.951409
0.951408
0.951408
0.951408
0.951408
0.951408
0.951408
0.951408
0.951408
0.951408
0.951408
0.951408
0.951408
0.951408
0.951408
0.951408
0.951408
0.951408
0.951408
0.951408
0.951408
0.951408
0.951408
0.951408
0.951408
0.951408
0.951408
0.951408
0.951408
0.951408
0.951408
0.951408
0.951408
0.951408
0.951408
0.951408
0.951408
0.951408
0.951408
0.951408
0.951408
0.951408
0.951408
0.951408
0.951408
0.951408
0.951408
0.951408
0.951408
0.951408
0.951408
0.951408
0.951408
0.951408
0.951408
0.951408
0.951408
0.951408
0.951408
0.951408
0.951408
0.951408
0.951408
0.951408
0.951408
0.951408
0.951408
0.951408
0.951408
0.951408
0.951408
0.951408
0.951408
0.951408
0.951408
0.951408
0.951408
0.951408
0.951408
0.951408
0.951408
0.951408
0.951408
0.951408
0.951408
0.951408
0.951408
0.951408
0.951408
0.951408
0.951408
0.951408
0.951408
0.951408
0.951408
0.951408
0.951408
0.951408
0.951408
0.951408
0.951408
0.951408
0.951408
0.951408
0.951408
0.951408
0.951408
0.951408
0.951408
0.951408
0.951408
0.951408
0.951408
0.951408
0.951408
0.951408
0.951408
0.951408
0.951408
0.951408
0.951408
0.951408
0.951408
0.951408
0.951408
0.951408
0.951408
0.951408
0.951408
0.951408
0.951408
0.951408
0.951408
0.951408
0.951408
0.951408
0.951408
0.951408
0.951408
0.951408
0.951408
0.951408
0.951408
0.951408
0.951408
0.951408
0.951408
0.951408
0.951408
0.951408
0.951408
0.951408
0.951408
0.951408
0.951408
0.951408
0.951408
0.951408
0.951408
0.951408
0.951408
0.951408
0.951408
0.951408
0.951408
0.951408
0.951408
0.951408
0.951408
0.951408
0.951408
0.951408
0.951408
0.951408
0.951408
0.951408
0.951408
0.951408
0.951408
0.951408
0.951408
0.951408
0.951408
0.951408
0.951408
0.951408
0.951408
0.951408
0.951408
0.951408
0.951408
0.951408
0.951408
0.951408
0.951408
0.951408
0.951408
0.951408
0.951408
0.951408
0.951408
0.951408
0.951408
0.951408
0.951408
0.951408
0.951408
0.951408
0.951408
0.951408
0.951408
0.951408
0.951408
0.951408
0.951408
0.951408
0.951408
0.951408
0.951408
0.951408
0.951408
0.951408
0.951408
0.951408
0.951408
0.951408
0.951408
0.951408
0.951408
0.951408
0.951408
0.951408
0.951408
0.951408
0.951408
0.951408
0.951408
0.951408
0.951408
0.951408
0.951408
0.951408
0.951408
0.951408
0.951408
0.951408
0.951408
0.951408
0.951408
0.951408
0.951408
0.951408
0.951408
0.951408
0.951408
0.951408
0.951408
0.951408
0.951408
0.951408
0.951408
0.951408
0.951408
0.951408
0.951408
0.951408
0.951408
0.951408
0.951408
0.951408
0.951408
0.951408
0.951408
0.951408
0.951408
0.951408
0.951408
0.951408
0.951408
0.951408
0.951408
0.951408
0.951408
0.951408
0.951408
0.951408
0.951408
0.951408
0.951408
0.951408
0.951408
0.951408
0.951408
0.951408
0.951408
0.951408
0.951408
0.951408
0.951408
0.951408
0.951408
0.951408
0.951408
0.951408
0.951408
0.951408
0.951408
0.951408
0.951408
0.951408
0.951408
0.951408
0.951408
0.951408
0.951408
0.951408
0.951408
0.951408
0.951408
0.951408
0.951408
0.951408
0.951408
0.951408
0.951408
0.951408
0.951408
0.951408
0.951408
0.951408
0.951408
0.951408
0.951408
0.951408
0.951408
0.951408
0.951408
0.951408
0.951408
0.951408
0.951408
0.951408
0.951408
0.951408
0.951408
0.951408
0.951408
0.951408
0.951408
0.951408
0.951408
0.951408
0.951408
0.951408
0.951408
0.951408
0.951408
0.951408
0.951408
0.951408
0.951408
0.951408
0.951408
0.951408
0.951408
0.951408
0.951408
0.951408
0.951408
0.951408
0.951408
0.951408
0.951408
0.951408
0.951408
0.951408
0.951408
0.951408
0.951408
0.951408
0.951408
0.951408
0.951408
0.951408
0.951408
0.951408
0.951408
0.951408
0.951408
0.951408
0.951408
0.951408
0.951408
0.951408
0.951408
0.951408
0.951408
0.951408
0.951408
0.951408
0.951408
0.951408
0.951408
0.951408
0.951408
0.951408
0.951408
0.951408
0.951408
0.951408
0.951408
0.951408
0.951408
0.951408
0.951408
0.951408
0.951408
0.951408
0.951408
0.951408
0.951408
0.951408
0.951408
0.951408
0.951408
0.951408
0.951408
0.951408
0.951408
0.951408
0.951408
0.951408
0.951408
0.951408
0.951408
0.951408
0.951408
0.951408
0.951408
0.951408
0.951408
0.951408
0.951408
0.951408
0.951408
0.951408
0.951408
0.951408
0.951408
0.951408
0.951408
0.951408
0.951408
0.951408
0.951408
0.951408
0.951408
0.951408
0.951408
0.951408
0.951408
0.951408
0.951408
0.951408
0.951408
0.951408
0.951408
0.951408
0.951408
0.951408
0.951408
0.951408
0.951408
0.951408
0.951408
0.951408
0.951408
0.951408
0.951408
0.951408
0.951408
0.951408
0.951408
0.951408
0.951408
0.951408
0.951408
0.951408
0.951408
0.951408
0.951408
0.951408
0.951408
0.951408
0.951408
0.951408
0.951408
0.951408
0.951408
0.951408
0.951408
0.951408
0.951408
0.951408
0.951408
0.951408
0.951408
0.951408
0.951408
0.951408
0.951408
0.951408
0.951408
0.951408
0.951408
0.951408
0.951407
0.951407
0.951407
0.951407
0.951407
0.951407
0.951407
0.951407
0.951407
0.951407
0.951407
0.951407
0.951407
0.951407
0.951407
0.951407
0.951407
0.951407
0.951407
0.951407
0.951407
0.951407
0.951407
0.951407
0.951407
0.951407
0.951407
0.951407
0.951407
0.951407
0.951407
0.951407
0.951407
0.951407
0.951407
0.951407
0.951407
0.951407
0.951407
0.951407
0.951407
0.951407
0.951407
0.951407
0.951407
0.951407
0.951407
0.951407
0.951407
0.951407
0.951407
0.951407
0.951407
0.951407
0.951407
0.951407
0.951407
0.951407
0.951407
0.951407
0.951407
0.951407
0.951407
0.951407
0.951407
0.951407
0.951407
0.951407
0.951407
0.951407
0.951407
0.951407
0.951407
0.951407
0.951407
0.951407
0.951407
0.951407
0.951407
0.951407
0.951407
0.951407
0.951407
0.951407
0.951407
0.951407
0.951407
0.951407
0.951407
0.951407
0.951407
0.951407
0.951407
0.951407
0.951407
0.951407
0.951407
0.951407
0.951407
0.951407
0.951407
0.951407
0.951407
0.951407
0.951407
0.951407
0.951407
0.951407
0.951407
0.951407
0.951407
0.951407
0.951407
0.951407
0.951407
0.951407
0.951407
0.951407
0.951407
0.951407
0.951407
0.951407
0.951407
0.951407
0.951407
0.951407
0.951407
0.951407
0.951407
0.951407
0.951407
0.951407
0.951407
0.951407
0.951407
0.951407
0.951407
0.951407
0.951407
0.951407
0.951407
0.951407
0.951407
0.951407
0.951407
0.951407
0.951407
0.951407
0.951407
0.951407
0.951407
0.951407
0.951407
0.951407
0.951407
0.951407
0.951407
0.951407
0.951407
0.951407
0.951407
0.951407
0.951407
0.951407
0.951407
0.951407
0.951407
0.951407
0.951407
0.951407
0.951407
0.951407
0.951407
0.951407
0.951407
0.951407
0.951407
0.951407
0.951407
0.951407
0.951407
0.951407
0.951407
0.951407
0.951407
0.951407
0.951407
0.951407
0.951407
0.951407
0.951407
0.951407
0.951407
0.951407
0.951407
0.951407
0.951407
0.951407
0.951407
0.951407
0.951407
0.951407
0.951407
0.951407
0.951407
0.951407
0.951407
0.951407
0.951407
0.951407
0.951407
0.951407
0.951407
0.951407
0.951407
0.951407
0.951407
0.951407
0.951407
0.951407
0.951407
0.951407
0.951407
0.951407
0.951407
0.951407
0.951407
0.951407
0.951407
0.951407
0.951407
0.951407
0.951407
0.951407
0.951407
0.951407
0.951407
0.951407
0.951407
0.951407
0.951407
0.951407
0.951407
0.951407
0.951407
0.951407
0.951407
0.951407
0.951407
0.951407
0.951407
0.951407
0.951407
0.951407
0.951407
0.951407
0.951407
0.951407
0.951407
0.951407
0.951407
0.951407
0.951407
0.951407
0.951407
0.951407
0.951407
0.951407
0.951407
0.951407
0.951407
0.951407
0.951407
0.951407
0.951407
0.951407
0.951407
0.951407
0.951407
0.951407
0.951407
0.951407
0.951407
0.951407
0.951407
0.951407
0.951407
0.951407
0.951407
0.951407
0.951407
0.951407
0.951407
0.951407
0.951407
0.951407
0.951407
0.951407
0.951407
0.951407
0.951407
0.951407
0.951407
0.951407
0.951407
0.951407
0.951407
0.951407
0.951407
0.951407
0.951407
0.951407
0.951407
0.951407
0.951407
0.951407
0.951407
0.951407
0.951407
0.951407
0.951407
0.951407
0.951407
0.951407
0.951407
0.951407
0.951407
0.951407
0.951407
0.951407
0.951407
0.951407
0.951407
0.951407
0.951407
0.951407
0.951407
0.951407
0.951407
0.951407
0.951407
0.951407
0.951407
0.951407
0.951407
0.951407
0.951407
0.951407
0.951407
0.951407
0.951407
0.951407
0.951407
0.951407
0.951407
0.951407
0.951407
0.951407
0.951407
0.951407
0.951407
0.951407
0.951407
0.951407
0.951407
0.951407
0.951407
0.951407
0.951407
0.951407
0.951407
0.951407
0.951407
0.951407
0.951407
0.951407
0.951407
0.951407
0.951407
0.951407
0.951407
0.951407
0.951407
0.951407
0.951407
0.951407
0.951407
0.951407
0.951407
0.951407
0.951407
0.951407
0.951407
0.951407
0.951407
0.951407
0.951407
0.951407
0.951407
0.951407
0.951407
0.951407
0.951407
0.951407
0.951407
0.951407
0.951407
0.951407
0.951407
0.951407
0.951407
0.951407
0.951407
0.951407
0.951407
0.951407
0.951407
0.951407
0.951407
0.951407
0.951407
0.951407
0.951407
0.951407
0.951407
0.951407
0.951407
0.951407
0.951407
0.951407
0.951407
0.951407
0.951407
0.951407
0.951407
0.951407
0.951407
0.951407
0.951407
0.951407
0.951407
0.951407
0.951407
0.951407
0.951407
0.951407
0.951407
0.951407
0.951407
0.951407
0.951407
0.951407
0.951407
0.951407
0.951407
0.951407
0.951407
0.951407
0.951407
0.951407
0.951407
0.951407
0.951407
0.951407
0.951407
0.951407
0.951407
0.951407
0.951407
0.951407
0.951407
0.951407
0.951407
0.951407
0.951407
0.951407
0.951407
0.951407
0.951407
0.951407
0.951407
0.951407
0.951407
0.951407
0.951407
0.951407
0.951407
0.951407
0.951407
0.951407
0.951407
0.951407
0.951407
0.951407
0.951407
0.951407
0.951407
0.951407
0.951407
0.951407
0.951407
0.951407
0.951407
0.951407
0.951407
0.951407
0.951407
0.951407
0.951407
0.951407
0.951407
0.951407
0.951407
0.951407
0.951407
0.951407
0.951407
0.951407
0.951407
0.951407
0.951407
0.951407
0.951407
0.951407
0.951407
0.951407
0.951407
0.951407
0.951407
0.951407
0.951407
0.951407
0.951407
0.951407
0.951407
0.951407
0.951407
0.951407
0.951407
0.951407
0.951407
0.951407
0.951407
0.951407
0.951407
0.951407
0.951407
0.951407
0.951407
0.951407
0.951407
0.951407
0.951407
0.951407
0.951407
0.951407
0.951407
0.951407
0.951407
0.951407
0.951407
0.951407
0.951407
0.951407
0.951407
0.951407
0.951407
0.951407
0.951407
0.951407
0.951407
0.951407
0.951407
0.951407
0.951407
0.951407
0.951407
0.951407
0.951407
0.951407
0.951407
0.951407
0.951407
0.951407
0.951407
0.951407
0.951407
0.951407
0.951407
0.951407
0.951407
0.951407
0.951407
0.951407
0.951407
0.951407
0.951407
0.951407
0.951407
0.951407
0.951407
0.951407
0.951407
0.951407
0.951407
0.951407
0.951407
0.951407
0.951407
0.951407
0.951407
0.951407
0.951407
0.951407
0.951407
0.951407
0.951407
0.951407
0.951407
0.951407
0.951407
0.951407
0.951407
0.951407
0.951407
0.951407
0.951407
0.951407
0.951407
0.951407
0.951407
0.951407
0.951407
0.951407
0.951407
0.951407
0.951407
0.951407
0.951407
0.951407
0.951407
0.951407
0.951407
0.951407
0.951407
0.951407
0.951407
0.951407
0.951407
0.951407
0.951407
0.951407
0.951407
0.951407
0.951407
0.951407
0.951407
0.951407
0.951407
0.951407
0.951407
0.951407
0.951407
0.951407
0.951407
0.951407
0.951407
0.951407
0.951407
0.951407
0.951407
0.951407
0.951407
0.951407
0.951407
0.951407
0.951407
0.951407
0.951407
0.951407
0.951407
0.951407
0.951407
0.951407
0.951407
0.951407
0.951407
0.951407
0.951407
0.951407
0.951407
0.951407
0.951407
0.951407
0.951407
0.951407
0.951407
0.951407
0.951407
0.951407
0.951407
0.951407
0.951407
0.951407
0.951407
0.951407
0.951407
0.951407
0.951407
0.951407
0.951407
0.951407
0.951407
0.951407
0.951407
0.951407
0.951407
0.951407
0.951407
0.951407
0.951407
0.951407
0.951407
0.951407
0.951407
0.951407
0.951407
0.951407
0.951407
0.951407
0.951407
0.951407
0.951407
0.951407
0.951407
0.951407
0.951407
0.951407
0.951407
0.951407
0.951407
0.951407
0.951407
0.951407
0.951407
0.951407
0.951407
0.951407
0.951407
0.951407
0.951407
0.951407
0.951407
0.951407
0.951407
0.951407
0.951407
0.951407
0.951407
0.951407
0.951407
0.951407
0.951407
0.951407
0.951407
0.951407
0.951407
0.951407
0.951407
0.951407
0.951407
0.951407
0.951407
0.951407
0.951407
0.951407
0.951407
0.951407
0.951407
0.951407
0.951407
0.951407
0.951407
0.951407
0.951407
0.951407
0.951407
0.951407
0.951407
0.951407
0.951407
0.951407
0.951407
0.951407
0.951407
0.951407
0.951407
0.951407
0.951407
0.951407
0.951407
0.951407
0.951407
0.951407
0.951407
0.951407
0.951407
0.951407
0.951407
0.951407
0.951407
0.951407
0.951407
0.951407
0.951407
0.951407
0.951407
0.951407
0.951407
0.951407
0.951407
0.951407
0.951407
0.951407
0.951407
0.951407
0.951407
0.951407
0.951407
0.951407
0.951407
0.951407
0.951407
0.951407
0.951407
0.951407
0.951407
0.951407
0.951407
0.951407
0.951407
0.951407
0.951407
0.951407
0.951407
0.951407
0.951407
0.951407
0.951407
0.951407
0.951407
0.951407
0.951407
0.951407
0.951407
0.951407
0.951407
0.951407
0.951407
0.951407
0.951407
0.951407
0.951407
0.951407
0.951407
0.951407
0.951407
0.951407
0.951407
0.951407
0.951407
0.951407
0.951407
0.951407
0.951407
0.951407
0.951407
0.951407
0.951407
0.951407
0.951407
0.951407
0.951407
0.951407
0.951407
0.951407
0.951407
0.951407
0.951407
0.951407
0.951407
0.951407
0.951407
0.951407
0.951407
0.951407
0.951407
0.951407
0.951407
0.951407
0.951407
0.951407
0.951407
0.951407
0.951407
0.951407
0.951407
0.951407
0.951407
0.951407
0.951407
0.951407
0.951407
0.951407
0.951407
0.951407
0.951407
0.951407
0.951407
0.951407
0.951407
0.951407
0.951407
0.951407
0.951407
0.951407
0.951407
0.951407
0.951407
0.951407
0.951407
0.951407
0.951407
0.951407
0.951407
0.951407
0.951407
0.951407
0.951407
0.951407
0.951407
0.951407
0.951407
0.951407
0.951407
0.951407
0.951407
0.951407
0.951407
0.951407
0.951407
0.951407
0.951407
0.951407
0.951407
0.951407
0.951407
0.951407
0.951407
0.951407
0.951407
0.951407
0.951407
0.951407
0.951407
0.951407
0.951407
0.951407
0.951407
0.951407
0.951407
0.951407
0.951407
0.951407
0.951407
0.951407
0.951407
0.951407
0.951407
0.951407
0.951407
0.951407
0.951407
0.951407
0.951407
0.951407
0.951407
0.951407
0.951407
0.951407
0.951407
0.951407
0.951407
0.951407
0.951407
0.951407
0.951407
0.951407
0.951407
0.951407
0.951407
0.951407
0.951407
0.951407
0.951407
0.951407
0.951407
0.951407
0.951407
0.951407
0.951407
0.951407
0.951407
0.951407
0.951407
0.951407
0.951407
0.951407
0.951407
0.951407
0.951407
0.951407
0.951407
0.951407
0.951407
0.951407
0.951407
0.951407
0.951407
0.951407
0.951407
0.951407
0.951407
0.951407
0.951407
0.951407
0.951407
0.951407
0.951407
0.951407
0.951407
0.951407
0.951407
0.951407
0.951407
0.951407
0.951407
0.951407
0.951407
0.951407
0.951407
0.951407
0.951407
0.951407
0.951407
0.951407
0.951407
0.951407
0.951407
0.951407
0.951407
0.951407
0.951407
0.951407
0.951407
0.951407
0.951407
0.951407
0.951407
0.951407
0.951407
0.951407
0.951407
0.951407
0.951407
0.951407
0.951407
0.951407
0.951407
0.951407
0.951407
0.951407
0.951407
0.951407
0.951407
0.951407
0.951407
0.951407
0.951407
0.951407
0.951407
0.951407
0.951407
0.951407
0.951407
0.951407
0.951407
0.951407
0.951407
0.951407
0.951407
0.951407
0.951407
0.951407
0.951407
0.951407
0.951407
0.951407
0.951407
0.951407
0.951407
0.951407
0.951407
0.951407
0.951407
0.951407
0.951407
0.951407
0.951407
0.951407
0.951407
0.951407
0.951407
0.951407
0.951407
0.951407
0.951407
0.951407
0.951407
0.951407
0.951407
0.951407
0.951407
0.951407
0.951407
0.951407
0.951407
0.951407
0.951407
0.951407
0.951407
0.951407
0.951407
0.951407
0.951407
0.951407
0.951407
0.951407
0.951407
0.951407
0.951407
0.951407
0.951407
0.951407
0.951407
0.951407
0.951407
0.951407
0.951407
0.951407
0.951407
0.951407
0.951407
0.951407
0.951407
0.951407
0.951407
0.951407
0.951407
0.951407
0.951407
0.951407
0.951407
0.951407
0.951407
0.951407
0.951407
0.951407
0.951407
0.951407
0.951407
0.951407
0.951407
0.951407
0.951407
0.951407
0.951407
0.951407
0.951407
0.951407
0.951407
0.951407
0.951407
0.951407
0.951407
0.951407
0.951407
0.951407
0.951407
0.951407
0.951407
0.951407
0.951407
0.951407
0.951407
0.951407
0.951407
0.951407
0.951407
0.951407
0.951407
0.951407
0.951407
0.951407
0.951407
0.951407
0.951407
0.951407
0.951407
0.951407
0.951407
0.951407
0.951407
0.951407
0.951407
0.951407
0.951407
0.951407
0.951407
0.951407
0.951407
0.951407
0.951407
0.951407
0.951407
0.951407
0.951407
0.951407
0.951407
0.951407
0.951407
0.951407
0.951407
0.951407
0.951407
0.951407
0.951407
0.951407
0.951407
0.951407
0.951407
0.951407
0.951407
0.951407
0.951407
0.951407
0.951407
0.951407
0.951407
0.951407
0.951407
0.951407
0.951407
0.951407
0.951407
0.951407
0.951407
0.951407
0.951407
0.951407
0.951407
0.951407
0.951407
0.951407
0.951407
0.951407
0.951407
0.951407
0.951407
0.951407
0.951407
0.951407
0.951407
0.951407
0.951407
0.951407
0.951407
0.951407
0.951407
0.951407
0.951407
0.951407
0.951407
0.951407
0.951407
0.951407
0.951407
0.951407
0.951407
0.951407
0.951407
0.951407
0.951407
0.951407
0.951407
0.951407
0.951407
0.951407
0.951407
0.951407
0.951407
0.951407
0.951407
0.951407
0.951407
0.951407
0.951407
0.951407
0.951407
0.951407
0.951407
0.951407
0.951407
0.951407
0.951407
0.951407
0.951407
0.951407
0.951407
0.951407
0.951407
0.951407
0.951407
0.951407
0.951407
0.951407
0.951407
0.951407
0.951407
0.951407
0.951407
0.951407
0.951407
0.951407
0.951407
0.951407
0.951407
0.951407
0.951407
0.951407
0.951407
0.951407
0.951407
0.951407
0.951407
0.951407
0.951407
0.951407
0.951407
0.951407
0.951407
0.951407
0.951407
0.951407
0.951407
0.951407
0.951407
0.951407
0.951407
0.951407
0.951407
0.951407
0.951407
0.951407
0.951407
0.951407
0.951407
0.951407
0.951407
0.951407
0.951407
0.951407
0.951407
0.951407
0.951407
0.951407
0.951407
0.951407
0.951407
0.951407
0.951407
0.951407
0.951407
0.951407
0.951407
0.951407
0.951407
0.951407
0.951407
0.951407
0.951407
0.951407
0.951407
0.951407
0.951407
0.951407
0.951407
0.951407
0.951407
0.951407
0.951407
0.951407
0.951407
0.951407
0.951407
0.951407
0.951407
0.951407
0.951407
0.951407
0.951407
0.951407
0.951407
0.951407
0.951407
0.951407
0.951407
0.951407
0.951407
0.951407
0.951407
0.951407
0.951407
0.951407
0.951407
0.951407
0.951407
0.951407
0.951407
0.951407
0.951407
0.951407
0.951407
0.951407
0.951407
0.951407
0.951407
0.951407
0.951407
0.951407
0.951407
0.951407
0.951407
0.951407
0.951407
0.951407
0.951407
0.951407
0.951407
0.951407
0.951407
0.951407
0.951407
0.951407
0.951407
0.951407
0.951407
0.951407
0.951407
0.951407
0.951407
0.951407
0.951407
0.951407
0.951407
0.951407
0.951407
0.951407
0.951407
0.951407
0.951407
0.951407
0.951407
0.951407
0.951407
0.951407
0.951407
0.951407
0.951407
0.951407
0.951407
0.951407
0.951407
0.951407
0.951407
0.951407
0.951407
0.951407
0.951407
0.951407
0.951407
0.951407
0.951407
0.951407
0.951407
0.951407
0.951407
0.951407
0.951407
0.951407
0.951407
0.951407
0.951407
0.951407
0.951407
0.951407
0.951407
0.951407
0.951407
0.951407
0.951407
0.951407
0.951407
0.951407
0.951407
0.951407
0.951407
0.951407
0.951407
0.951407
0.951407
0.951407
0.951407
0.951407
0.951407
0.951407
0.951407
0.951407
0.951407
0.951407
0.951407
0.951407
0.951407
0.951407
0.951407
0.951407
0.951407
0.951407
0.951407
0.951407
0.951407
0.951407
0.951407
0.951407
0.951407
0.951407
0.951407
0.951407
0.951407
0.951407
0.951407
0.951407
0.951407
0.951407
0.951407
0.951407
0.951407
0.951407
0.951407
0.951407
0.951407
0.951407
0.951407
0.951407
0.951407
0.951407
0.951407
0.951407
0.951407
0.951407
0.951407
0.951407
0.951407
0.951407
0.951407
0.951407
0.951407
0.951407
0.951407
0.951407
0.951407
0.951407
0.951407
0.951407
0.951407
0.951407
0.951407
0.951407
0.951407
0.951407
0.951407
0.951407
0.951407
0.951407
0.951407
0.951407
0.951407
0.951407
0.951407
0.951407
0.951407
0.951407
0.951407
0.951407
0.951407
0.951407
0.951407
0.951407
0.951407
0.951407
0.951407
0.951407
0.951407
0.951407
0.951407
0.951407
0.951407
0.951407
0.951407
0.951407
0.951407
0.951407
0.951407
0.951407
0.951407
0.951407
0.951407
0.951407
0.951407
0.951407
0.951407
0.951407
0.951407
0.951407
0.951407
0.951407
0.951407
0.951407
0.951407
0.951407
0.951407
0.951407
0.951407
0.951407
0.951407
0.951407
0.951407
0.951407
0.951407
0.951407
0.951407
0.951407
0.951407
0.951407
0.951407
0.951407
0.951407
0.951407
0.951407
0.951407
0.951407
0.951407
0.951407
0.951407
0.951407
0.951407
0.951407
0.951407
0.951407
0.951407
0.951407
0.951407
0.951407
0.951407
0.951407
0.951407
0.951407
0.951407
0.951407
0.951407
0.951407
0.951407
0.951407
0.951407
0.951407
0.951407
0.951407
0.951407
0.951407
0.951407
0.951407
0.951407
0.951407
0.951407
0.951407
0.951407
0.951407
0.951407
0.951407
0.951407
0.951407
0.951407
0.951407
0.951407
0.951407
0.951407
0.951407
0.951407
0.951407
0.951407
0.951407
0.951407
0.951407
0.951407
0.951407
0.951407
0.951407
0.951407
0.951407
0.951407
0.951407
0.951407
0.951407
0.951407
0.951407
0.951407
0.951407
0.951407
0.951407
0.951407
0.951407
0.951407
0.951407
0.951407
0.951407
0.951407
0.951407
0.951407
0.951407
0.951407
0.951407
0.951407
0.951407
0.951407
0.951407
0.951407
0.951407
0.951407
0.951407
0.951407
0.951407
0.951407
0.951407
0.951407
0.951407
0.951407
0.951407
0.951407
0.951407
0.951407
0.951407
0.951407
0.951407
0.951407
0.951407
0.951407
0.951407
0.951407
0.951407
0.951407
0.951407
0.951407
0.951407
0.951407
0.951407
0.951407
0.951407
0.951407
0.951407
0.951407
0.951407
0.951407
0.951407
0.951407
0.951407
0.951407
0.951407
0.951407
0.951407
0.951407
0.951407
0.951407
0.951407
0.951407
0.951407
0.951407
0.951407
0.951407
0.951407
0.951407
0.951407
0.951407
0.951407
0.951407
0.951407
0.951407
0.951407
0.951407
0.951407
0.951407
0.951407
0.951407
0.951407
0.951407
0.951407
0.951407
0.951407
0.951407
0.951407
0.951407
0.951407
0.951407
0.951407
0.951407
0.951407
0.951407
0.951407
0.951407
0.951407
0.951407
0.951407
0.951407
0.951407
0.951407
0.951407
0.951407
0.951407
0.951407
0.951407
0.951407
0.951407
0.951407
0.951407
0.951407
0.951407
0.951407
0.951407
0.951407
0.951407
0.951407
0.951407
0.951407
0.951407
0.951407
0.951407
0.951407
0.951407
0.951407
0.951407
0.951407
0.951407
0.951407
0.951407
0.951407
0.951407
0.951407
0.951407
0.951407
0.951407
0.951407
0.951407
0.951407
0.951407
0.951407
0.951407
0.951407
0.951407
0.951407
0.951407
0.951407
0.951407
0.951407
0.951407
0.951407
0.951407
0.951407
0.951407
0.951407
0.951407
0.951407
0.951407
0.951407
0.951407
0.951407
0.951407
0.951407
0.951407
0.951407
0.951407
0.951407
0.951407
0.951407
0.951407
0.951407
0.951407
0.951407
0.951407
0.951407
0.951407
0.951407
0.951407
0.951407
0.951407
0.951407
0.951407
0.951407
0.951407
0.951407
0.951407
0.951407
0.951407
0.951407
0.951407
0.951407
0.951407
0.951407
0.951407
0.951407
0.951407
0.951407
0.951407
0.951407
0.951407
0.951407
0.951407
0.951407
0.951407
0.951407
0.951407
0.951407
0.951407
0.951407
0.951407
0.951407
0.951407
0.951407
0.951407
0.951407
0.951407
0.951407
0.951407
0.951407
0.951407
0.951407
0.951407
0.951407
0.951407
0.951407
0.951407
0.951407
0.951407
0.951407
0.951407
0.951407
0.951407
0.951407
0.951407
0.951407
0.951407
0.951407
0.951407
0.951407
0.951407
0.951407
0.951407
0.951407
0.951407
0.951407
0.951407
0.951407
0.951407
0.951407
0.951407
0.951407
0.951407
0.951407
0.951407
0.951407
0.951407
0.951407
0.951407
0.951407
0.951407
0.951407
0.951407
0.951407
0.951407
0.951407
0.951407
0.951407
0.951407
0.951407
0.951407
0.951407
0.951407
0.951407
0.951407
0.951407
0.951407
0.951407
0.951407
0.951407
0.951407
0.951407
0.951407
0.951407
0.951407
0.951407
0.951407
0.951407
0.951407
0.951407
0.951407
0.951407
0.951407
0.951407
0.951407
0.951407
0.951407
0.951407
0.951407
0.951407
0.951407
0.951407
0.951407
0.951407
0.951407
0.951407
0.951407
0.951407
0.951407
0.951407
0.951407
0.951407
0.951407
0.951407
0.951407
0.951407
0.951407
0.951407
0.951407
0.951407
0.951407
0.951407
0.951407
0.951407
0.951407
0.951407
0.951407
0.951407
0.951407
0.951407
0.951407
0.951407
0.951407
0.951407
0.951407
0.951407
0.951407
0.951407
0.951407
0.951407
0.951407
0.951407
0.951407
0.951407
0.951407
0.951407
0.951407
0.951407
0.951407
0.951407
0.951407
0.951407
0.951407
0.951407
0.951407
0.951407
0.951407
0.951407
0.951407
0.951407
0.951407
0.951407
0.951407
0.951407
0.951407
0.951407
0.951407
0.951407
0.951407
0.951407
0.951407
0.951407
0.951407
0.951407
0.951407
0.951407
0.951407
0.951407
0.951407
0.951407
0.951407
0.951407
0.951407
0.951407
0.951407
0.951407
0.951407
0.951407
0.951407
0.951407
0.951407
0.951407
0.951407
0.951407
0.951407
0.951407
0.951407
0.951407
0.951407
0.951407
0.951407
0.951407
0.951407
0.951407
0.951407
0.951407
0.951407
0.951407
0.951407
0.951407
0.951407
0.951407
0.951407
0.951407
0.951407
0.951407
0.951407
0.951407
0.951407
0.951407
0.951407
0.951407
0.951407
0.951407
0.951407
0.951407
0.951407
0.951407
0.951407
0.951407
0.951407
0.951407
0.951407
0.951407
0.951407
0.951407
0.951407
0.951407
0.951407
0.951407
0.951407
0.951407
0.951407
0.951407
0.951407
0.951407
0.951407
0.951407
0.951407
0.951407
0.951407
0.951407
0.951407
0.951407
0.951407
0.951407
0.951407
0.951407
0.951407
0.951407
0.951407
0.951407
0.951407
0.951407
0.951407
0.951407
0.951407
0.951407
0.951407
0.951407
0.951407
0.951407
0.951407
0.951407
0.951407
0.951407
0.951407
0.951407
0.951407
0.951407
0.951407
0.951407
0.951407
0.951407
0.951407
0.951407
0.951407
0.951407
0.951407
0.951407
0.951407
0.951407
0.951407
0.951407
0.951407
0.951407
0.951407
0.951407
0.951407
0.951407
0.951407
0.951407
0.951407
0.951407
0.951407
0.951407
0.951407
0.951407
0.951407
0.951407
0.951407
0.951407
0.951407
0.951407
0.951407
0.951407
0.951407
0.951407
0.951407
0.951407
0.951407
0.951407
0.951407
0.951407
0.951407
0.951407
0.951407
0.951407
0.951407
0.951407
0.951407
0.951407
0.951407
0.951407
0.951407
0.951407
0.951407
0.951407
0.951407
0.951407
0.951407
0.951407
0.951407
0.951407
0.951407
0.951407
0.951407
0.951407
0.951407
0.951407
0.951407
0.951407
0.951407
0.951407
0.951407
0.951407
0.951407
0.951407
0.951407
0.951407
0.951407
0.951407
0.951407
0.951407
0.951407
0.951407
0.951407
0.951407
0.951407
0.951407
0.951407
0.951407
0.951407
0.951407
0.951407
0.951407
0.951407
0.951407
0.951407
0.951407
0.951407
0.951407
0.951407
0.951407
0.951407
0.951407
0.951407
0.951407
0.951407
0.951407
0.951407
0.951407
0.951407
0.951407
0.951407
0.951407
0.951407
0.951407
0.951407
0.951407
0.951407
0.951407
0.951407
0.951407
0.951407
0.951407
0.951407
0.951407
0.951407
0.951407
0.951407
0.951407
0.951407
0.951407
0.951407
0.951407
0.951407
0.951407
0.951407
0.951407
0.951407
0.951407
0.951407
0.951407
0.951407
0.951407
0.951407
0.951407
0.951407
0.951407
0.951407
0.951407
0.951407
0.951407
0.951407
0.951407
0.951407
0.951407
0.951407
0.951407
0.951407
0.951407
0.951407
0.951407
0.951407
0.951407
0.951407
0.951407
0.951407
0.951407
0.951407
0.951407
0.951407
0.951407
0.951407
0.951407
0.951407
0.951407
0.951407
0.951407
0.951407
0.951407
0.951407
0.951407
0.951407
0.951407
0.951407
0.951407
0.951407
0.951407
0.951407
0.951407
0.951407
0.951407
0.951407
0.951407
0.951407
0.951407
0.951407
0.951407
0.951407
0.951407
0.951407
0.951407
0.951407
0.951407
0.951407
0.951407
0.951407
0.951407
0.951407
0.951407
0.951407
0.951407
0.951407
0.951407
0.951407
0.951407
0.951407
0.951407
0.951407
0.951407
0.951407
0.951407
0.951407
0.951407
0.951407
0.951407
0.951407
0.951407
0.951407
0.951407
0.951407
0.951407
0.951407
0.951407
0.951407
0.951407
0.951407
0.951407
0.951407
0.951407
0.951407
0.951407
0.951407
0.951407
0.951407
0.951407
0.951407
0.951407
0.951407
0.951407
0.951407
0.951407
0.951407
0.951407
0.951407
0.951407
0.951407
0.951407
0.951407
0.951407
0.951407
0.951407
0.951407
0.951407
0.951407
0.951407
0.951407
0.951407
0.951407
0.951407
0.951407
0.951407
0.951407
0.951407
0.951407
0.951407
0.951407
0.951407
0.951407
0.951407
0.951407
0.951407
0.951407
0.951407
0.951407
0.951407
0.951407
0.951407
0.951407
0.951407
0.951407
0.951407
0.951407
0.951407
0.951407
0.951407
0.951407
0.951407
0.951407
0.951407
0.951407
0.951407
0.951407
0.951407
0.951407
0.951407
0.951407
0.951407
0.951407
0.951407
0.951407
0.951407
0.951407
0.951407
0.951407
0.951407
0.951407
0.951407
0.951407
0.951407
0.951407
0.951407
0.951407
0.951407
0.951407
0.951407
0.951407
0.951407
0.951407
0.951407
0.951407
0.951407
0.951407
0.951407
0.951407
0.951407
0.951407
0.951407
0.951407
0.951407
0.951407
0.951407
0.951407
0.951407
0.951407
0.951407
0.951407
0.951407
0.951407
0.951407
0.951407
0.951407
0.951407
0.951407
0.951407
0.951407
0.951407
0.951407
0.951407
0.951407
0.951407
0.951407
0.951407
0.951407
0.951407
0.951407
0.951407
0.951407
0.951407
0.951407
0.951407
0.951407
0.951407
0.951407
0.951407
0.951407
0.951407
0.951407
0.951407
0.951407
0.951407
0.951407
0.951407
0.951407
0.951407
0.951407
0.951407
0.951407
0.951407
0.951407
0.951407
0.951407
0.951407
0.951407
0.951407
0.951407
0.951407
0.951407
0.951407
0.951407
0.951407
0.951407
0.951407
0.951407
0.951407
0.951407
0.951407
0.951407
0.951407
0.951407
0.951407
0.951407
0.951407
0.951407
0.951407
0.951407
0.951407
0.951407
0.951407
0.951407
0.951407
0.951407
0.951407
0.951407
0.951407
0.951407
0.951407
0.951407
0.951407
0.951407
0.951407
0.951407
0.951407
0.951407
0.951407
0.951407
0.951407
0.951407
0.951407
0.951407
0.951407
0.951407
0.951407
0.951407
0.951407
0.951407
0.951407
0.951407
0.951407
0.951407
0.951407
0.951407
0.951407
0.951407
0.951407
0.951407
0.951407
0.951407
0.951407
0.951407
0.951407
0.951407
0.951407
0.951407
0.951407
0.951407
0.951407
0.951407
0.951407
0.951407
0.951407
0.951407
0.951407
0.951407
0.951407
0.951407
0.951407
0.951407
0.951407
0.951407
0.951407
0.951407
0.951407
0.951407
0.951407
0.951407
0.951407
0.951407
0.951407
0.951407
0.951407
0.951407
0.951407
0.951407
0.951407
0.951407
0.951407
0.951407
0.951407
0.951407
0.951407
0.951407
0.951407
0.951407
0.951407
0.951407
0.951407
0.951407
0.951407
0.951407
0.951407
0.951407
0.951407
0.951407
0.951407
0.951407
0.951407
0.951407
0.951407
0.951407
0.951407
0.951407
0.951407
0.951407
0.951407
0.951407
0.951407
0.951407
0.951407
0.951407
0.951407
0.951407
0.951407
0.951407
0.951407
0.951407
