493.24
493.235
493.23
493.225
493.22
493.215
493.211
493.206
493.201
493.196
493.191
493.186
493.182
493.177
493.172
493.168
493.163
493.158
493.154
493.149
493.144
493.14
493.135
493.131
493.126
493.122
493.117
493.113
493.108
493.104
493.099
493.095
493.09
493.086
493.082
493.077
493.073
493.069
493.065
493.06
493.056
493.052
493.048
493.043
493.039
493.035
493.031
493.027
493.023
493.019
493.015
493.011
493.006
493.002
492.998
492.994
492.991
492.987
492.983
492.979
492.975
492.971
492.967
492.963
492.959
492.955
492.952
492.948
492.944
492.94
492.937
492.933
492.929
492.925
492.922
492.918
492.914
492.911
492.907
492.904
492.9
492.896
492.893
492.889
492.886
492.882
492.879
492.875
492.872
492.868
492.865
492.861
492.858
492.854
492.851
492.848
492.844
492.841
492.838
492.834
492.831
492.828
492.824
492.821
492.818
492.815
492.811
492.808
492.805
492.802
492.799
492.795
492.792
492.789
492.786
492.783
492.78
492.777
492.774
492.77
492.767
492.764
492.761
492.758
492.755
492.752
492.749
492.746
492.743
492.74
492.738
492.735
492.732
492.729
492.726
492.723
492.72
492.717
492.715
492.712
492.709
492.706
492.703
492.7
492.698
492.695
492.692
492.689
492.687
492.684
492.681
492.679
492.676
492.673
492.671
492.668
492.665
492.663
492.66
492.658
492.655
492.652
492.65
492.647
492.645
492.642
492.64
492.637
492.635
492.632
492.63
492.627
492.625
492.622
492.62
492.617
492.615
492.612
492.61
492.608
492.605
492.603
492.601
492.598
492.596
492.594
492.591
492.589
492.587
492.584
492.582
492.58
492.577
492.575
492.573
492.571
492.568
492.566
492.564
492.562
492.56
492.557
492.555
492.553
492.551
492.549
492.547
492.544
492.542
492.54
492.538
492.536
492.534
492.532
492.53
492.528
492.526
492.524
492.521
492.519
492.517
492.515
492.513
492.511
492.509
492.507
492.505
492.503
492.502
492.5
492.498
492.496
492.494
492.492
492.49
492.488
492.486
492.484
492.482
492.48
492.479
492.477
492.475
492.473
492.471
492.469
492.468
492.466
492.464
492.462
492.46
492.459
492.457
492.455
492.453
492.452
492.45
492.448
492.446
492.445
492.443
492.441
492.439
492.438
492.436
492.434
492.433
492.431
492.429
492.428
492.426
492.424
492.423
492.421
492.42
492.418
492.416
492.415
492.413
492.412
492.41
492.408
492.407
492.405
492.404
492.402
492.401
492.399
492.398
492.396
492.394
492.393
492.391
492.39
492.388
492.387
492.385
492.384
492.383
492.381
492.38
492.378
492.377
492.375
492.374
492.372
492.371
492.37
492.368
492.367
492.365
492.364
492.363
492.361
492.36
492.358
492.357
492.356
492.354
492.353
492.352
492.35
492.349
492.348
492.346
492.345
492.344
492.342
492.341
492.34
492.339
492.337
492.336
492.335
492.333
492.332
492.331
492.33
492.328
492.327
492.326
492.325
492.323
492.322
492.321
492.32
492.319
492.317
492.316
492.315
492.314
492.313
492.311
492.31
492.309
492.308
492.307
492.306
492.305
492.303
492.302
492.301
492.3
492.299
492.298
492.297
492.296
492.294
492.293
492.292
492.291
492.29
492.289
492.288
492.287
492.286
492.285
492.284
492.283
492.281
492.28
492.279
492.278
492.277
492.276
492.275
492.274
492.273
492.272
492.271
492.27
492.269
492.268
492.267
492.266
492.265
492.264
492.263
492.262
492.261
492.26
492.259
492.258
492.257
492.256
492.256
492.255
492.254
492.253
492.252
492.251
492.25
492.249
492.248
492.247
492.246
492.245
492.244
492.244
492.243
492.242
492.241
492.24
492.239
492.238
492.237
492.237
492.236
492.235
492.234
492.233
492.232
492.231
492.231
492.23
492.229
492.228
492.227
492.226
492.226
492.225
492.224
492.223
492.222
492.221
492.221
492.22
492.219
492.218
492.218
492.217
492.216
492.215
492.214
492.214
492.213
492.212
492.211
492.211
492.21
492.209
492.208
492.208
492.207
492.206
492.205
492.205
492.204
492.203
492.202
492.202
492.201
492.2
492.199
492.199
492.198
492.197
492.197
492.196
492.195
492.195
492.194
492.193
492.192
492.192
492.191
492.19
492.19
492.189
492.188
492.188
492.187
492.186
492.186
492.185
492.184
492.184
492.183
492.183
492.182
492.181
492.181
492.18
492.179
492.179
492.178
492.177
492.177
492.176
492.176
492.175
492.174
492.174
492.173
492.173
492.172
492.171
492.171
492.17
492.17
492.169
492.168
492.168
492.167
492.167
492.166
492.165
492.165
492.164
492.164
492.163
492.163
492.162
492.162
492.161
492.16
492.16
492.159
492.159
492.158
492.158
492.157
492.157
492.156
492.156
492.155
492.154
492.154
492.153
492.153
492.152
492.152
492.151
492.151
492.15
492.15
492.149
492.149
492.148
492.148
492.147
492.147
492.146
492.146
492.145
492.145
492.144
492.144
492.143
492.143
492.142
492.142
492.141
492.141
492.14
492.14
492.14
492.139
492.139
492.138
492.138
492.137
492.137
492.136
492.136
492.135
492.135
492.134
492.134
492.134
492.133
492.133
492.132
492.132
492.131
492.131
492.131
492.13
492.13
492.129
492.129
492.128
492.128
492.128
492.127
492.127
492.126
492.126
492.125
492.125
492.125
492.124
492.124
492.123
492.123
492.123
492.122
492.122
492.121
492.121
492.121
492.12
492.12
492.12
492.119
492.119
492.118
492.118
492.118
492.117
492.117
492.116
492.116
492.116
492.115
492.115
492.115
492.114
492.114
492.114
492.113
492.113
492.112
492.112
492.112
492.111
492.111
492.111
492.11
492.11
492.11
492.109
492.109
492.109
492.108
492.108
492.108
492.107
492.107
492.107
492.106
492.106
492.106
492.105
492.105
492.105
492.104
492.104
492.104
492.103
492.103
492.103
492.102
492.102
492.102
492.101
492.101
492.101
492.101
492.1
492.1
492.1
492.099
492.099
492.099
492.098
492.098
492.098
492.098
492.097
492.097
492.097
492.096
492.096
492.096
492.096
492.095
492.095
492.095
492.094
492.094
492.094
492.094
492.093
492.093
492.093
492.092
492.092
492.092
492.092
492.091
492.091
492.091
492.091
492.09
492.09
492.09
492.089
492.089
492.089
492.089
492.088
492.088
492.088
492.088
492.087
492.087
492.087
492.087
492.086
492.086
492.086
492.086
492.085
492.085
492.085
492.085
492.084
492.084
492.084
492.084
492.083
492.083
492.083
492.083
492.083
492.082
492.082
492.082
492.082
492.081
492.081
492.081
492.081
492.08
492.08
492.08
492.08
492.08
492.079
492.079
492.079
492.079
492.079
492.078
492.078
492.078
492.078
492.077
492.077
492.077
492.077
492.077
492.076
492.076
492.076
492.076
492.076
492.075
492.075
492.075
492.075
492.075
492.074
492.074
492.074
492.074
492.074
492.073
492.073
492.073
492.073
492.073
492.072
492.072
492.072
492.072
492.072
492.071
492.071
492.071
492.071
492.071
492.071
492.07
492.07
492.07
492.07
492.07
492.069
492.069
492.069
492.069
492.069
492.069
492.068
492.068
492.068
492.068
492.068
492.067
492.067
492.067
492.067
492.067
492.067
492.066
492.066
492.066
492.066
492.066
492.066
492.065
492.065
492.065
492.065
492.065
492.065
492.065
492.064
492.064
492.064
492.064
492.064
492.064
492.063
492.063
492.063
492.063
492.063
492.063
492.063
492.062
492.062
492.062
492.062
492.062
492.062
492.061
492.061
492.061
492.061
492.061
492.061
492.061
492.06
492.06
492.06
492.06
492.06
492.06
492.06
492.059
492.059
492.059
492.059
492.059
492.059
492.059
492.059
492.058
492.058
492.058
492.058
492.058
492.058
492.058
492.057
492.057
492.057
492.057
492.057
492.057
492.057
492.057
492.056
492.056
492.056
492.056
492.056
492.056
492.056
492.056
492.055
492.055
492.055
492.055
492.055
492.055
492.055
492.055
492.054
492.054
492.054
492.054
492.054
492.054
492.054
492.054
492.054
492.053
492.053
492.053
492.053
492.053
492.053
492.053
492.053
492.053
492.052
492.052
492.052
492.052
492.052
492.052
492.052
492.052
492.052
492.051
492.051
492.051
492.051
492.051
492.051
492.051
492.051
492.051
492.051
492.05
492.05
492.05
492.05
492.05
492.05
492.05
492.05
492.05
492.05
492.049
492.049
492.049
492.049
492.049
492.049
492.049
492.049
492.049
492.049
492.048
492.048
492.048
492.048
492.048
492.048
492.048
492.048
492.048
492.048
492.048
492.047
492.047
492.047
492.047
492.047
492.047
492.047
492.047
492.047
492.047
492.047
492.047
492.046
492.046
492.046
492.046
492.046
492.046
492.046
492.046
492.046
492.046
492.046
492.046
492.045
492.045
492.045
492.045
492.045
492.045
492.045
492.045
492.045
492.045
492.045
492.045
492.045
492.044
492.044
492.044
492.044
492.044
492.044
492.044
492.044
492.044
492.044
492.044
492.044
492.044
492.043
492.043
492.043
492.043
492.043
492.043
492.043
492.043
492.043
492.043
492.043
492.043
492.043
492.043
492.042
492.042
492.042
492.042
492.042
492.042
492.042
492.042
492.042
492.042
492.042
492.042
492.042
492.042
492.042
492.041
492.041
492.041
492.041
492.041
492.041
492.041
492.041
492.041
492.041
492.041
492.041
492.041
492.041
492.041
492.041
492.04
492.04
492.04
492.04
492.04
492.04
492.04
492.04
492.04
492.04
492.04
492.04
492.04
492.04
492.04
492.04
492.04
492.039
492.039
492.039
492.039
492.039
492.039
492.039
492.039
492.039
492.039
492.039
492.039
492.039
492.039
492.039
492.039
492.039
492.039
492.039
492.038
492.038
492.038
492.038
492.038
492.038
492.038
492.038
492.038
492.038
492.038
492.038
