0.0049999
0.00499734
0.0049948
0.00499226
0.00498973
0.0049872
0.00498467
0.00498215
0.00497963
0.00497711
0.00497459
0.00497208
0.00496956
0.00496705
0.00496454
0.00496203
0.00495952
0.00495702
0.00495451
0.00495201
0.00494951
0.00494701
0.00494451
0.00494202
0.00493952
0.00493703
0.00493453
0.00493204
0.00492955
0.00492707
0.00492458
0.00492209
0.00491961
0.00491713
0.00491465
0.00491217
0.00490969
0.00490721
0.00490473
0.00490226
0.00489979
0.00489731
0.00489484
0.00489237
0.00488991
0.00488744
0.00488497
0.00488251
0.00488005
0.00487758
0.00487512
0.00487267
0.00487021
0.00486775
0.0048653
0.00486284
0.00486039
0.00485794
0.00485549
0.00485304
0.00485059
0.00484815
0.0048457
0.00484326
0.00484082
0.00483838
0.00483594
0.0048335
0.00483106
0.00482862
0.00482619
0.00482376
0.00482132
0.00481889
0.00481646
0.00481403
0.00481161
0.00480918
0.00480676
0.00480433
0.00480191
0.00479949
0.00479707
0.00479465
0.00479224
0.00478982
0.0047874
0.00478499
0.00478258
0.00478017
0.00477776
0.00477535
0.00477294
0.00477054
0.00476813
0.00476573
0.00476333
0.00476093
0.00475853
0.00475613
0.00475373
0.00475133
0.00474894
0.00474654
0.00474415
0.00474176
0.00473937
0.00473698
0.00473459
0.00473221
0.00472982
0.00472744
0.00472506
0.00472267
0.00472029
0.00471792
0.00471554
0.00471316
0.00471079
0.00470841
0.00470604
0.00470367
0.0047013
0.00469893
0.00469656
0.00469419
0.00469183
0.00468946
0.0046871
0.00468474
0.00468237
0.00468002
0.00467766
0.0046753
0.00467294
0.00467059
0.00466823
0.00466588
0.00466353
0.00466118
0.00465883
0.00465648
0.00465414
0.00465179
0.00464945
0.0046471
0.00464476
0.00464242
0.00464008
0.00463774
0.00463541
0.00463307
0.00463074
0.0046284
0.00462607
0.00462374
0.00462141
0.00461908
0.00461675
0.00461443
0.0046121
0.00460978
0.00460746
0.00460513
0.00460281
0.00460049
0.00459818
0.00459586
0.00459354
0.00459123
0.00458892
0.0045866
0.00458429
0.00458198
0.00457967
0.00457737
0.00457506
0.00457275
0.00457045
0.00456815
0.00456585
0.00456355
0.00456125
0.00455895
0.00455665
0.00455436
0.00455206
0.00454977
0.00454747
0.00454518
0.00454289
0.0045406
0.00453832
0.00453603
0.00453375
0.00453146
0.00452918
0.0045269
0.00452461
0.00452234
0.00452006
0.00451778
0.0045155
0.00451323
0.00451095
0.00450868
0.00450641
0.00450414
0.00450187
0.0044996
0.00449734
0.00449507
0.00449281
0.00449054
0.00448828
0.00448602
0.00448376
0.0044815
0.00447924
0.00447698
0.00447473
0.00447247
0.00447022
0.00446797
0.00446572
0.00446347
0.00446122
0.00445897
0.00445673
0.00445448
0.00445224
0.00444999
0.00444775
0.00444551
0.00444327
0.00444103
0.0044388
0.00443656
0.00443432
0.00443209
0.00442986
0.00442763
0.0044254
0.00442317
0.00442094
0.00441871
0.00441649
0.00441426
0.00441204
0.00440981
0.00440759
0.00440537
0.00440315
0.00440093
0.00439872
0.0043965
0.00439429
0.00439207
0.00438986
0.00438765
0.00438544
0.00438323
0.00438102
0.00437881
0.00437661
0.0043744
0.0043722
0.00437
0.0043678
0.0043656
0.0043634
0.0043612
0.004359
0.00435681
0.00435461
0.00435242
0.00435023
0.00434803
0.00434584
0.00434366
0.00434147
0.00433928
0.00433709
0.00433491
0.00433273
0.00433054
0.00432836
0.00432618
0.004324
0.00432182
0.00431965
0.00431747
0.0043153
0.00431312
0.00431095
0.00430878
0.00430661
0.00430444
0.00430227
0.0043001
0.00429794
0.00429577
0.00429361
0.00429145
0.00428928
0.00428712
0.00428496
0.00428281
0.00428065
0.00427849
0.00427634
0.00427418
0.00427203
0.00426988
0.00426773
0.00426558
0.00426343
0.00426128
0.00425914
0.00425699
0.00425485
0.0042527
0.00425056
0.00424842
0.00424628
0.00424414
0.004242
0.00423987
0.00423773
0.0042356
0.00423346
0.00423133
0.0042292
0.00422707
0.00422494
0.00422281
0.00422068
0.00421856
0.00421643
0.00421431
0.00421219
0.00421007
0.00420794
0.00420583
0.00420371
0.00420159
0.00419947
0.00419736
0.00419524
0.00419313
0.00419102
0.00418891
0.0041868
0.00418469
0.00418258
0.00418047
0.00417837
0.00417626
0.00417416
0.00417206
0.00416996
0.00416786
0.00416576
0.00416366
0.00416156
0.00415947
0.00415737
0.00415528
0.00415318
0.00415109
0.004149
0.00414691
0.00414482
0.00414274
0.00414065
0.00413856
0.00413648
0.0041344
0.00413231
0.00413023
0.00412815
0.00412607
0.00412399
0.00412192
0.00411984
0.00411777
0.00411569
0.00411362
0.00411155
0.00410948
0.00410741
0.00410534
0.00410327
0.0041012
0.00409914
0.00409707
0.00409501
0.00409295
0.00409089
0.00408883
0.00408677
0.00408471
0.00408265
0.00408059
0.00407854
0.00407648
0.00407443
0.00407238
0.00407033
0.00406828
0.00406623
0.00406418
0.00406213
0.00406009
0.00405804
0.004056
0.00405396
0.00405192
0.00404987
0.00404783
0.0040458
0.00404376
0.00404172
0.00403969
0.00403765
0.00403562
0.00403359
0.00403155
0.00402952
0.00402749
0.00402547
0.00402344
0.00402141
0.00401939
0.00401736
0.00401534
0.00401332
0.0040113
0.00400928
0.00400726
0.00400524
0.00400322
0.0040012
0.00399919
0.00399718
0.00399516
0.00399315
0.00399114
0.00398913
0.00398712
0.00398511
0.0039831
0.0039811
0.00397909
0.00397709
0.00397509
0.00397308
0.00397108
0.00396908
0.00396708
0.00396509
0.00396309
0.00396109
0.0039591
0.00395711
0.00395511
0.00395312
0.00395113
0.00394914
0.00394715
0.00394516
0.00394318
0.00394119
0.0039392
0.00393722
0.00393524
0.00393326
0.00393128
0.0039293
0.00392732
0.00392534
0.00392336
0.00392139
0.00391941
0.00391744
0.00391546
0.00391349
0.00391152
0.00390955
0.00390758
0.00390561
0.00390365
0.00390168
0.00389972
0.00389775
0.00389579
0.00389383
0.00389187
0.00388991
0.00388795
0.00388599
0.00388403
0.00388208
0.00388012
0.00387817
0.00387621
0.00387426
0.00387231
0.00387036
0.00386841
0.00386646
0.00386452
0.00386257
0.00386063
0.00385868
0.00385674
0.0038548
0.00385285
0.00385091
0.00384897
0.00384704
0.0038451
0.00384316
0.00384123
0.00383929
0.00383736
0.00383543
0.00383349
0.00383156
0.00382963
0.00382771
0.00382578
0.00382385
0.00382193
0.00382
0.00381808
0.00381615
0.00381423
0.00381231
0.00381039
0.00380847
0.00380655
0.00380464
0.00380272
0.00380081
0.00379889
0.00379698
0.00379507
0.00379316
0.00379125
0.00378934
0.00378743
0.00378552
0.00378361
0.00378171
0.0037798
0.0037779
0.003776
0.0037741
0.0037722
0.0037703
0.0037684
0.0037665
0.0037646
0.00376271
0.00376081
0.00375892
0.00375703
0.00375513
0.00375324
0.00375135
0.00374946
0.00374758
0.00374569
0.0037438
0.00374192
0.00374003
0.00373815
0.00373627
0.00373438
0.0037325
0.00373062
0.00372875
0.00372687
0.00372499
0.00372312
0.00372124
0.00371937
0.00371749
0.00371562
0.00371375
0.00371188
0.00371001
0.00370814
0.00370627
0.00370441
0.00370254
0.00370068
0.00369881
0.00369695
0.00369509
0.00369323
0.00369137
0.00368951
0.00368765
0.0036858
0.00368394
0.00368208
0.00368023
0.00367838
0.00367652
0.00367467
0.00367282
0.00367097
0.00366912
0.00366728
0.00366543
0.00366358
0.00366174
0.0036599
0.00365805
0.00365621
0.00365437
0.00365253
0.00365069
0.00364885
0.00364701
0.00364518
0.00364334
0.00364151
0.00363967
0.00363784
0.00363601
0.00363418
0.00363235
0.00363052
0.00362869
0.00362686
0.00362504
0.00362321
0.00362139
0.00361956
0.00361774
0.00361592
0.0036141
0.00361228
0.00361046
0.00360864
0.00360682
0.00360501
0.00360319
0.00360138
0.00359956
0.00359775
0.00359594
0.00359413
0.00359232
0.00359051
0.0035887
0.00358689
0.00358509
0.00358328
0.00358148
0.00357967
0.00357787
0.00357607
0.00357427
0.00357247
0.00357067
0.00356887
0.00356707
0.00356528
0.00356348
0.00356169
0.00355989
0.0035581
0.00355631
0.00355452
0.00355273
0.00355094
0.00354915
0.00354737
0.00354558
0.00354379
0.00354201
0.00354023
0.00353844
0.00353666
0.00353488
0.0035331
0.00353132
0.00352954
0.00352776
0.00352599
0.00352421
0.00352244
0.00352066
0.00351889
0.00351712
0.00351535
0.00351358
0.00351181
0.00351004
0.00350827
0.00350651
0.00350474
0.00350298
0.00350121
0.00349945
0.00349769
0.00349593
0.00349416
0.00349241
0.00349065
0.00348889
0.00348713
0.00348538
0.00348362
0.00348187
0.00348011
0.00347836
0.00347661
0.00347486
0.00347311
0.00347136
0.00346961
0.00346786
0.00346612
0.00346437
0.00346263
0.00346089
0.00345914
0.0034574
0.00345566
0.00345392
0.00345218
0.00345044
0.0034487
0.00344697
0.00344523
0.0034435
0.00344176
0.00344003
0.0034383
0.00343657
0.00343484
0.00343311
0.00343138
0.00342965
0.00342792
0.0034262
0.00342447
0.00342275
0.00342102
0.0034193
0.00341758
0.00341586
0.00341414
0.00341242
0.0034107
0.00340898
0.00340727
0.00340555
0.00340384
0.00340212
0.00340041
0.0033987
0.00339698
0.00339527
0.00339356
0.00339186
0.00339015
0.00338844
0.00338673
0.00338503
0.00338332
0.00338162
0.00337992
0.00337822
0.00337651
0.00337481
0.00337312
0.00337142
0.00336972
0.00336802
0.00336633
0.00336463
0.00336294
0.00336124
0.00335955
0.00335786
0.00335617
0.00335448
0.00335279
0.0033511
0.00334941
0.00334773
0.00334604
0.00334436
0.00334267
0.00334099
0.00333931
0.00333763
0.00333594
0.00333426
0.00333259
0.00333091
0.00332923
0.00332755
0.00332588
0.0033242
0.00332253
0.00332086
0.00331918
0.00331751
0.00331584
0.00331417
0.0033125
0.00331084
0.00330917
0.0033075
0.00330584
0.00330417
0.00330251
0.00330085
0.00329918
0.00329752
0.00329586
0.0032942
0.00329254
0.00329089
0.00328923
0.00328757
0.00328592
0.00328426
0.00328261
0.00328096
0.0032793
0.00327765
0.003276
0.00327435
0.0032727
0.00327106
0.00326941
0.00326776
0.00326612
0.00326447
0.00326283
0.00326119
0.00325954
0.0032579
0.00325626
0.00325462
0.00325298
0.00325135
0.00324971
0.00324807
0.00324644
0.0032448
0.00324317
0.00324153
0.0032399
0.00323827
0.00323664
0.00323501
0.00323338
0.00323175
0.00323013
0.0032285
0.00322687
0.00322525
0.00322363
0.003222
0.00322038
0.00321876
0.00321714
0.00321552
0.0032139
0.00321228
0.00321066
0.00320905
0.00320743
0.00320581
0.0032042
0.00320259
0.00320097
0.00319936
0.00319775
0.00319614
0.00319453
0.00319292
0.00319132
0.00318971
0.0031881
0.0031865
0.00318489
0.00318329
0.00318169
0.00318008
0.00317848
0.00317688
0.00317528
0.00317368
0.00317209
0.00317049
0.00316889
0.0031673
0.0031657
0.00316411
0.00316251
0.00316092
0.00315933
0.00315774
0.00315615
0.00315456
0.00315297
0.00315138
0.0031498
0.00314821
0.00314663
0.00314504
0.00314346
0.00314188
0.00314029
0.00313871
0.00313713
0.00313555
0.00313397
0.0031324
0.00313082
0.00312924
0.00312767
0.00312609
0.00312452
0.00312294
0.00312137
0.0031198
0.00311823
0.00311666
0.00311509
0.00311352
0.00311195
0.00311039
0.00310882
0.00310725
0.00310569
0.00310413
0.00310256
0.003101
0.00309944
0.00309788
0.00309632
0.00309476
0.0030932
0.00309164
0.00309009
0.00308853
0.00308698
0.00308542
0.00308387
0.00308232
0.00308076
0.00307921
0.00307766
0.00307611
0.00307456
0.00307302
0.00307147
0.00306992
0.00306838
0.00306683
0.00306529
0.00306374
0.0030622
0.00306066
0.00305912
0.00305758
0.00305604
0.0030545
0.00305296
0.00305142
0.00304989
0.00304835
0.00304682
0.00304528
0.00304375
0.00304222
0.00304068
0.00303915
0.00303762
0.00303609
0.00303456
0.00303304
0.00303151
0.00302998
0.00302846
0.00302693
0.00302541
0.00302389
0.00302236
0.00302084
0.00301932
0.0030178
0.00301628
0.00301476
0.00301324
0.00301173
0.00301021
0.00300869
0.00300718
0.00300566
0.00300415
0.00300264
0.00300113
0.00299962
0.00299811
0.0029966
0.00299509
0.00299358
0.00299207
0.00299056
0.00298906
0.00298755
0.00298605
0.00298455
0.00298304
0.00298154
0.00298004
0.00297854
0.00297704
0.00297554
0.00297404
0.00297255
0.00297105
0.00296955
0.00296806
0.00296656
0.00296507
0.00296358
0.00296208
0.00296059
0.0029591
0.00295761
0.00295612
0.00295463
0.00295315
0.00295166
0.00295017
0.00294869
0.0029472
0.00294572
0.00294424
0.00294275
0.00294127
0.00293979
0.00293831
0.00293683
0.00293535
0.00293387
0.0029324
0.00293092
0.00292945
0.00292797
0.0029265
0.00292502
0.00292355
0.00292208
0.00292061
0.00291914
0.00291767
0.0029162
0.00291473
0.00291326
0.00291179
0.00291033
0.00290886
0.0029074
0.00290593
0.00290447
0.00290301
0.00290155
0.00290009
0.00289863
0.00289717
0.00289571
0.00289425
0.00289279
0.00289134
0.00288988
0.00288842
0.00288697
0.00288552
0.00288406
0.00288261
0.00288116
0.00287971
0.00287826
0.00287681
0.00287536
0.00287391
0.00287247
0.00287102
0.00286957
0.00286813
0.00286669
0.00286524
0.0028638
0.00286236
0.00286092
0.00285948
0.00285804
0.0028566
0.00285516
0.00285372
0.00285228
0.00285085
0.00284941
0.00284798
0.00284654
0.00284511
0.00284368
0.00284225
0.00284082
0.00283938
0.00283796
0.00283653
0.0028351
0.00283367
0.00283224
0.00283082
0.00282939
0.00282797
0.00282654
0.00282512
0.0028237
0.00282228
0.00282086
0.00281944
0.00281802
0.0028166
0.00281518
0.00281376
0.00281234
0.00281093
0.00280951
0.0028081
0.00280668
0.00280527
0.00280386
0.00280245
0.00280104
0.00279963
0.00279822
0.00279681
0.0027954
0.00279399
0.00279258
0.00279118
0.00278977
0.00278837
0.00278696
0.00278556
0.00278416
0.00278276
0.00278136
0.00277996
0.00277856
0.00277716
0.00277576
0.00277436
0.00277296
0.00277157
0.00277017
0.00276878
0.00276738
0.00276599
0.0027646
0.00276321
0.00276181
0.00276042
0.00275903
0.00275764
0.00275626
0.00275487
0.00275348
0.00275209
0.00275071
0.00274932
0.00274794
0.00274656
0.00274517
0.00274379
0.00274241
0.00274103
0.00273965
0.00273827
0.00273689
0.00273551
0.00273413
0.00273276
0.00273138
0.00273001
0.00272863
0.00272726
0.00272589
0.00272451
0.00272314
0.00272177
0.0027204
0.00271903
0.00271766
0.00271629
0.00271492
0.00271356
0.00271219
0.00271083
0.00270946
0.0027081
0.00270673
0.00270537
0.00270401
0.00270265
0.00270129
0.00269993
0.00269857
0.00269721
0.00269585
0.00269449
0.00269314
0.00269178
0.00269042
0.00268907
0.00268772
0.00268636
0.00268501
0.00268366
0.00268231
0.00268096
0.00267961
0.00267826
0.00267691
0.00267556
0.00267421
0.00267287
0.00267152
0.00267018
0.00266883
0.00266749
0.00266615
0.0026648
0.00266346
0.00266212
0.00266078
0.00265944
0.0026581
0.00265676
0.00265542
0.00265409
0.00265275
0.00265142
0.00265008
0.00264875
0.00264741
0.00264608
0.00264475
0.00264342
0.00264209
0.00264075
0.00263943
0.0026381
0.00263677
0.00263544
0.00263411
0.00263279
0.00263146
0.00263014
0.00262881
0.00262749
0.00262617
0.00262484
0.00262352
0.0026222
0.00262088
0.00261956
0.00261824
0.00261692
0.00261561
0.00261429
0.00261297
0.00261166
0.00261034
0.00260903
0.00260771
0.0026064
0.00260509
0.00260378
0.00260247
0.00260116
0.00259985
0.00259854
0.00259723
0.00259592
0.00259461
0.00259331
0.002592
0.0025907
0.00258939
0.00258809
0.00258679
0.00258548
0.00258418
0.00258288
0.00258158
0.00258028
0.00257898
0.00257768
0.00257639
0.00257509
0.00257379
0.0025725
0.0025712
0.00256991
0.00256861
0.00256732
0.00256603
0.00256473
0.00256344
0.00256215
0.00256086
0.00255957
0.00255828
0.002557
0.00255571
0.00255442
0.00255314
0.00255185
0.00255056
0.00254928
0.002548
0.00254671
0.00254543
0.00254415
0.00254287
0.00254159
0.00254031
0.00253903
0.00253775
0.00253647
0.0025352
0.00253392
0.00253264
0.00253137
0.0025301
0.00252882
0.00252755
0.00252628
0.002525
0.00252373
0.00252246
0.00252119
0.00251992
0.00251865
0.00251739
0.00251612
0.00251485
0.00251358
0.00251232
0.00251105
0.00250979
0.00250853
0.00250726
0.002506
0.00250474
0.00250348
0.00250222
0.00250096
0.0024997
0.00249844
0.00249718
0.00249592
0.00249467
0.00249341
0.00249216
0.0024909
0.00248965
0.00248839
0.00248714
0.00248589
0.00248464
0.00248339
0.00248214
0.00248089
0.00247964
0.00247839
0.00247714
0.00247589
0.00247465
0.0024734
0.00247216
0.00247091
0.00246967
0.00246842
0.00246718
0.00246594
0.0024647
0.00246346
0.00246222
0.00246098
0.00245974
0.0024585
0.00245726
0.00245602
0.00245479
0.00245355
0.00245232
0.00245108
0.00244985
0.00244861
0.00244738
0.00244615
0.00244492
0.00244369
0.00244246
0.00244123
0.00244
0.00243877
0.00243754
0.00243631
0.00243509
0.00243386
0.00243263
0.00243141
0.00243019
0.00242896
0.00242774
0.00242652
0.00242529
0.00242407
0.00242285
0.00242163
0.00242041
0.0024192
0.00241798
0.00241676
0.00241554
0.00241433
0.00241311
0.0024119
0.00241068
0.00240947
0.00240826
0.00240704
0.00240583
0.00240462
0.00240341
0.0024022
0.00240099
0.00239978
0.00239857
0.00239736
0.00239616
0.00239495
0.00239375
0.00239254
0.00239134
0.00239013
0.00238893
0.00238773
0.00238652
0.00238532
0.00238412
0.00238292
0.00238172
0.00238052
0.00237932
0.00237812
0.00237693
0.00237573
0.00237453
0.00237334
0.00237214
0.00237095
0.00236976
0.00236856
0.00236737
0.00236618
0.00236499
0.0023638
0.00236261
0.00236142
0.00236023
0.00235904
0.00235785
0.00235666
0.00235548
0.00235429
0.00235311
0.00235192
0.00235074
0.00234955
0.00234837
0.00234719
0.00234601
0.00234483
0.00234364
0.00234247
0.00234129
0.00234011
0.00233893
0.00233775
0.00233657
0.0023354
0.00233422
0.00233305
0.00233187
0.0023307
0.00232952
0.00232835
0.00232718
0.00232601
0.00232484
0.00232367
0.0023225
0.00232133
0.00232016
0.00231899
0.00231782
0.00231666
0.00231549
0.00231432
0.00231316
0.00231199
0.00231083
0.00230967
0.0023085
0.00230734
0.00230618
0.00230502
0.00230386
0.0023027
0.00230154
0.00230038
0.00229922
0.00229806
0.00229691
0.00229575
0.00229459
0.00229344
0.00229228
0.00229113
0.00228998
0.00228882
0.00228767
0.00228652
0.00228537
0.00228422
0.00228307
0.00228192
0.00228077
0.00227962
0.00227847
0.00227733
0.00227618
0.00227503
0.00227389
0.00227274
0.0022716
0.00227045
0.00226931
0.00226817
0.00226703
0.00226589
0.00226474
0.0022636
0.00226246
0.00226133
0.00226019
0.00225905
0.00225791
0.00225677
0.00225564
0.0022545
0.00225337
0.00225223
0.0022511
0.00224997
0.00224883
0.0022477
0.00224657
0.00224544
0.00224431
0.00224318
0.00224205
0.00224092
0.00223979
0.00223866
0.00223754
0.00223641
0.00223528
0.00223416
0.00223303
0.00223191
0.00223079
0.00222966
0.00222854
0.00222742
0.0022263
0.00222518
0.00222405
0.00222293
0.00222182
0.0022207
0.00221958
0.00221846
0.00221734
0.00221623
0.00221511
0.002214
0.00221288
0.00221177
0.00221065
0.00220954
0.00220843
0.00220732
0.00220621
0.0022051
0.00220398
0.00220288
0.00220177
0.00220066
0.00219955
0.00219844
0.00219734
0.00219623
0.00219512
0.00219402
0.00219291
0.00219181
0.00219071
0.0021896
0.0021885
0.0021874
0.0021863
0.0021852
0.0021841
0.002183
0.0021819
0.0021808
0.0021797
0.0021786
0.00217751
0.00217641
0.00217531
0.00217422
0.00217312
0.00217203
0.00217094
0.00216984
0.00216875
0.00216766
0.00216657
0.00216548
0.00216439
0.0021633
0.00216221
0.00216112
0.00216003
0.00215894
0.00215786
0.00215677
0.00215568
0.0021546
0.00215351
0.00215243
0.00215135
0.00215026
0.00214918
0.0021481
0.00214702
0.00214594
0.00214486
0.00214378
0.0021427
0.00214162
0.00214054
0.00213946
0.00213838
0.00213731
0.00213623
0.00213516
0.00213408
0.00213301
0.00213193
0.00213086
0.00212979
0.00212871
0.00212764
0.00212657
0.0021255
0.00212443
0.00212336
0.00212229
0.00212122
0.00212016
0.00211909
0.00211802
0.00211695
0.00211589
0.00211482
0.00211376
0.00211269
0.00211163
0.00211057
0.00210951
0.00210844
0.00210738
0.00210632
0.00210526
0.0021042
0.00210314
0.00210208
0.00210102
0.00209997
0.00209891
0.00209785
0.0020968
0.00209574
0.00209468
0.00209363
0.00209258
0.00209152
0.00209047
0.00208942
0.00208836
0.00208731
0.00208626
0.00208521
0.00208416
0.00208311
0.00208206
0.00208102
0.00207997
0.00207892
0.00207787
0.00207683
0.00207578
0.00207474
0.00207369
0.00207265
0.0020716
0.00207056
0.00206952
0.00206848
0.00206744
0.0020664
0.00206535
0.00206431
0.00206328
0.00206224
0.0020612
0.00206016
0.00205912
0.00205809
0.00205705
0.00205601
0.00205498
0.00205395
0.00205291
0.00205188
0.00205084
0.00204981
0.00204878
0.00204775
0.00204672
0.00204569
0.00204466
0.00204363
0.0020426
0.00204157
0.00204054
0.00203951
0.00203849
0.00203746
0.00203644
0.00203541
0.00203439
0.00203336
0.00203234
0.00203131
0.00203029
0.00202927
0.00202825
0.00202723
0.00202621
0.00202519
0.00202417
0.00202315
0.00202213
0.00202111
0.00202009
0.00201908
0.00201806
0.00201704
0.00201603
0.00201501
0.002014
0.00201298
0.00201197
0.00201096
0.00200995
0.00200893
0.00200792
0.00200691
0.0020059
0.00200489
0.00200388
0.00200287
0.00200186
0.00200086
0.00199985
0.00199884
0.00199784
0.00199683
0.00199582
0.00199482
0.00199381
0.00199281
0.00199181
0.0019908
0.0019898
0.0019888
0.0019878
0.0019868
0.0019858
0.0019848
0.0019838
0.0019828
0.0019818
0.0019808
0.00197981
0.00197881
0.00197781
0.00197682
0.00197582
0.00197483
0.00197383
0.00197284
0.00197185
0.00197085
0.00196986
0.00196887
0.00196788
0.00196689
0.0019659
0.00196491
0.00196392
0.00196293
0.00196194
0.00196095
0.00195997
0.00195898
0.00195799
0.00195701
0.00195602
0.00195504
0.00195405
0.00195307
0.00195209
0.0019511
0.00195012
0.00194914
0.00194816
0.00194718
0.0019462
0.00194522
0.00194424
0.00194326
0.00194228
0.0019413
0.00194032
0.00193935
0.00193837
0.0019374
0.00193642
0.00193545
0.00193447
0.0019335
0.00193252
0.00193155
0.00193058
0.00192961
0.00192863
0.00192766
0.00192669
0.00192572
0.00192475
0.00192378
0.00192282
0.00192185
0.00192088
0.00191991
0.00191895
0.00191798
0.00191701
0.00191605
0.00191508
0.00191412
0.00191316
0.00191219
0.00191123
0.00191027
0.00190931
0.00190835
0.00190738
0.00190642
0.00190546
0.00190451
0.00190355
0.00190259
0.00190163
0.00190067
0.00189972
0.00189876
0.0018978
0.00189685
0.00189589
0.00189494
0.00189398
0.00189303
0.00189208
0.00189112
0.00189017
0.00188922
0.00188827
0.00188732
0.00188637
0.00188542
0.00188447
0.00188352
0.00188257
0.00188163
0.00188068
0.00187973
0.00187878
0.00187784
0.00187689
0.00187595
0.001875
0.00187406
0.00187312
0.00187217
0.00187123
0.00187029
0.00186935
0.00186841
0.00186747
0.00186652
0.00186559
0.00186465
0.00186371
0.00186277
0.00186183
0.00186089
0.00185996
0.00185902
0.00185808
0.00185715
0.00185621
0.00185528
0.00185434
0.00185341
0.00185248
0.00185155
0.00185061
0.00184968
0.00184875
0.00184782
0.00184689
0.00184596
0.00184503
0.0018441
0.00184317
0.00184224
0.00184132
0.00184039
0.00183946
0.00183854
0.00183761
0.00183669
0.00183576
0.00183484
0.00183391
0.00183299
0.00183207
0.00183115
0.00183022
0.0018293
0.00182838
0.00182746
0.00182654
0.00182562
0.0018247
0.00182378
0.00182286
0.00182195
0.00182103
0.00182011
0.0018192
0.00181828
0.00181736
0.00181645
0.00181554
0.00181462
0.00181371
0.00181279
0.00181188
0.00181097
0.00181006
0.00180915
0.00180824
0.00180733
0.00180642
0.00180551
0.0018046
0.00180369
0.00180278
0.00180187
0.00180097
0.00180006
0.00179915
0.00179825
0.00179734
0.00179644
0.00179553
0.00179463
0.00179372
0.00179282
0.00179192
0.00179102
0.00179011
0.00178921
0.00178831
0.00178741
0.00178651
0.00178561
0.00178471
0.00178382
0.00178292
0.00178202
0.00178112
0.00178023
0.00177933
0.00177843
0.00177754
0.00177664
0.00177575
0.00177485
0.00177396
0.00177307
0.00177218
0.00177128
0.00177039
0.0017695
0.00176861
0.00176772
0.00176683
0.00176594
0.00176505
0.00176416
0.00176327
0.00176239
0.0017615
0.00176061
0.00175972
0.00175884
0.00175795
0.00175707
0.00175618
0.0017553
0.00175442
0.00175353
0.00175265
0.00175177
0.00175089
0.00175
0.00174912
0.00174824
0.00174736
0.00174648
0.0017456
0.00174472
0.00174385
0.00174297
0.00174209
0.00174121
0.00174034
0.00173946
0.00173858
0.00173771
0.00173683
0.00173596
0.00173509
0.00173421
0.00173334
0.00173247
0.00173159
0.00173072
0.00172985
0.00172898
0.00172811
0.00172724
0.00172637
0.0017255
0.00172463
0.00172376
0.0017229
0.00172203
0.00172116
0.00172029
0.00171943
0.00171856
0.0017177
0.00171683
0.00171597
0.0017151
0.00171424
0.00171338
0.00171252
0.00171165
0.00171079
0.00170993
0.00170907
0.00170821
0.00170735
0.00170649
0.00170563
0.00170477
0.00170391
0.00170306
0.0017022
0.00170134
0.00170048
0.00169963
0.00169877
0.00169792
0.00169706
0.00169621
0.00169535
0.0016945
0.00169365
0.00169279
0.00169194
0.00169109
0.00169024
0.00168939
0.00168854
0.00168769
0.00168684
0.00168599
0.00168514
0.00168429
0.00168344
0.0016826
0.00168175
0.0016809
0.00168006
0.00167921
0.00167836
0.00167752
0.00167667
0.00167583
0.00167499
0.00167414
0.0016733
0.00167246
0.00167162
0.00167077
0.00166993
0.00166909
0.00166825
0.00166741
0.00166657
0.00166573
0.00166489
0.00166406
0.00166322
0.00166238
0.00166154
0.00166071
0.00165987
0.00165904
0.0016582
0.00165737
0.00165653
0.0016557
0.00165486
0.00165403
0.0016532
0.00165237
0.00165153
0.0016507
0.00164987
0.00164904
0.00164821
0.00164738
0.00164655
0.00164572
0.00164489
0.00164407
0.00164324
0.00164241
0.00164158
0.00164076
0.00163993
0.00163911
0.00163828
0.00163746
0.00163663
0.00163581
0.00163498
0.00163416
0.00163334
0.00163252
0.00163169
0.00163087
0.00163005
0.00162923
0.00162841
0.00162759
0.00162677
0.00162595
0.00162513
0.00162431
0.0016235
0.00162268
0.00162186
0.00162105
0.00162023
0.00161941
0.0016186
0.00161778
0.00161697
0.00161616
0.00161534
0.00161453
0.00161372
0.0016129
0.00161209
0.00161128
0.00161047
0.00160966
0.00160885
0.00160804
0.00160723
0.00160642
0.00160561
0.0016048
0.00160399
0.00160319
0.00160238
0.00160157
0.00160077
0.00159996
0.00159915
0.00159835
0.00159754
0.00159674
0.00159594
0.00159513
0.00159433
0.00159353
0.00159272
0.00159192
0.00159112
0.00159032
0.00158952
0.00158872
0.00158792
0.00158712
0.00158632
0.00158552
0.00158472
0.00158393
0.00158313
0.00158233
0.00158153
0.00158074
0.00157994
0.00157915
0.00157835
0.00157756
0.00157676
0.00157597
0.00157518
0.00157438
0.00157359
0.0015728
0.00157201
0.00157121
0.00157042
0.00156963
0.00156884
0.00156805
0.00156726
0.00156647
0.00156569
0.0015649
0.00156411
0.00156332
0.00156253
0.00156175
0.00156096
0.00156018
0.00155939
0.00155861
0.00155782
0.00155704
0.00155625
0.00155547
0.00155469
0.0015539
0.00155312
0.00155234
0.00155156
0.00155078
0.00155
0.00154921
0.00154843
0.00154766
0.00154688
0.0015461
0.00154532
0.00154454
0.00154376
0.00154299
0.00154221
0.00154143
0.00154066
0.00153988
0.00153911
0.00153833
0.00153756
0.00153678
0.00153601
0.00153524
0.00153446
0.00153369
0.00153292
0.00153215
0.00153137
0.0015306
0.00152983
0.00152906
0.00152829
0.00152752
0.00152675
0.00152599
0.00152522
0.00152445
0.00152368
0.00152291
0.00152215
0.00152138
0.00152062
0.00151985
0.00151908
0.00151832
0.00151756
0.00151679
0.00151603
0.00151526
0.0015145
0.00151374
0.00151298
0.00151222
0.00151145
0.00151069
0.00150993
0.00150917
0.00150841
0.00150765
0.00150689
0.00150614
0.00150538
0.00150462
0.00150386
0.0015031
0.00150235
0.00150159
0.00150084
0.00150008
0.00149932
0.00149857
0.00149782
0.00149706
0.00149631
0.00149555
0.0014948
0.00149405
0.0014933
0.00149254
0.00149179
0.00149104
0.00149029
0.00148954
0.00148879
0.00148804
0.00148729
0.00148654
0.0014858
0.00148505
0.0014843
0.00148355
0.00148281
0.00148206
0.00148131
0.00148057
0.00147982
0.00147908
0.00147833
0.00147759
0.00147684
0.0014761
0.00147536
0.00147461
0.00147387
0.00147313
0.00147239
0.00147165
0.00147091
0.00147017
0.00146942
0.00146869
0.00146795
0.00146721
0.00146647
0.00146573
0.00146499
0.00146425
0.00146352
0.00146278
0.00146204
0.00146131
0.00146057
0.00145984
0.0014591
0.00145837
0.00145763
0.0014569
0.00145617
0.00145543
0.0014547
0.00145397
0.00145323
0.0014525
0.00145177
0.00145104
0.00145031
0.00144958
0.00144885
0.00144812
0.00144739
0.00144666
0.00144593
0.00144521
0.00144448
0.00144375
0.00144303
0.0014423
0.00144157
0.00144085
0.00144012
0.0014394
0.00143867
0.00143795
0.00143722
0.0014365
0.00143578
0.00143505
0.00143433
0.00143361
0.00143289
0.00143217
0.00143144
0.00143072
0.00143
0.00142928
0.00142856
0.00142785
0.00142713
0.00142641
0.00142569
0.00142497
0.00142425
0.00142354
0.00142282
0.0014221
0.00142139
0.00142067
0.00141996
0.00141924
0.00141853
0.00141781
0.0014171
0.00141639
0.00141567
0.00141496
0.00141425
0.00141354
0.00141282
0.00141211
0.0014114
0.00141069
0.00140998
0.00140927
0.00140856
0.00140785
0.00140714
0.00140644
0.00140573
0.00140502
0.00140431
0.00140361
0.0014029
0.00140219
0.00140149
0.00140078
0.00140008
0.00139937
0.00139867
0.00139796
0.00139726
0.00139655
0.00139585
0.00139515
0.00139445
0.00139374
0.00139304
0.00139234
0.00139164
0.00139094
0.00139024
0.00138954
0.00138884
0.00138814
0.00138744
0.00138674
0.00138605
0.00138535
0.00138465
0.00138395
0.00138326
0.00138256
0.00138186
0.00138117
0.00138047
0.00137978
0.00137908
0.00137839
0.00137769
0.001377
0.00137631
0.00137561
0.00137492
0.00137423
0.00137354
0.00137285
0.00137216
0.00137146
0.00137077
0.00137008
0.00136939
0.0013687
0.00136802
0.00136733
0.00136664
0.00136595
0.00136526
0.00136458
0.00136389
0.0013632
0.00136252
0.00136183
0.00136114
0.00136046
0.00135977
0.00135909
0.0013584
0.00135772
0.00135704
0.00135635
0.00135567
0.00135499
0.00135431
0.00135362
0.00135294
0.00135226
0.00135158
0.0013509
0.00135022
0.00134954
0.00134886
0.00134818
0.0013475
0.00134682
0.00134615
0.00134547
0.00134479
0.00134411
0.00134344
0.00134276
0.00134209
0.00134141
0.00134073
0.00134006
0.00133938
0.00133871
0.00133804
0.00133736
0.00133669
0.00133602
0.00133534
0.00133467
0.001334
0.00133333
0.00133266
0.00133199
0.00133132
0.00133065
0.00132998
0.00132931
0.00132864
0.00132797
0.0013273
0.00132663
0.00132596
0.0013253
0.00132463
0.00132396
0.00132329
0.00132263
0.00132196
0.0013213
0.00132063
0.00131997
0.0013193
0.00131864
0.00131797
0.00131731
0.00131665
0.00131598
0.00131532
0.00131466
0.001314
0.00131334
0.00131267
0.00131201
0.00131135
0.00131069
0.00131003
0.00130937
0.00130871
0.00130806
0.0013074
0.00130674
0.00130608
0.00130542
0.00130477
0.00130411
0.00130345
0.0013028
0.00130214
0.00130148
0.00130083
0.00130017
0.00129952
0.00129887
0.00129821
0.00129756
0.00129691
0.00129625
0.0012956
0.00129495
0.0012943
0.00129364
0.00129299
0.00129234
0.00129169
0.00129104
0.00129039
0.00128974
0.00128909
0.00128844
0.00128779
0.00128715
0.0012865
0.00128585
0.0012852
0.00128456
0.00128391
0.00128326
0.00128262
0.00128197
0.00128132
0.00128068
0.00128004
0.00127939
0.00127875
0.0012781
0.00127746
0.00127682
0.00127617
0.00127553
0.00127489
0.00127425
0.00127361
0.00127296
0.00127232
0.00127168
0.00127104
0.0012704
0.00126976
0.00126912
0.00126848
0.00126785
0.00126721
0.00126657
0.00126593
0.00126529
0.00126466
0.00126402
0.00126338
0.00126275
0.00126211
0.00126148
0.00126084
0.00126021
0.00125957
0.00125894
0.0012583
0.00125767
0.00125704
0.00125641
0.00125577
0.00125514
0.00125451
0.00125388
0.00125325
0.00125261
0.00125198
0.00125135
0.00125072
0.00125009
0.00124946
0.00124884
0.00124821
0.00124758
0.00124695
0.00124632
0.0012457
0.00124507
0.00124444
0.00124381
0.00124319
0.00124256
0.00124194
0.00124131
0.00124069
0.00124006
0.00123944
0.00123881
0.00123819
0.00123757
0.00123694
0.00123632
0.0012357
0.00123508
0.00123445
0.00123383
0.00123321
0.00123259
0.00123197
0.00123135
0.00123073
0.00123011
0.00122949
0.00122887
0.00122825
0.00122764
0.00122702
0.0012264
0.00122578
0.00122516
0.00122455
0.00122393
0.00122332
0.0012227
0.00122208
0.00122147
0.00122085
0.00122024
0.00121962
0.00121901
0.0012184
0.00121778
0.00121717
0.00121656
0.00121594
0.00121533
0.00121472
0.00121411
0.0012135
0.00121289
0.00121228
0.00121167
0.00121106
0.00121045
0.00120984
0.00120923
0.00120862
0.00120801
0.0012074
0.00120679
0.00120619
0.00120558
0.00120497
0.00120437
0.00120376
0.00120315
0.00120255
0.00120194
0.00120134
0.00120073
0.00120013
0.00119952
0.00119892
0.00119832
0.00119771
0.00119711
0.00119651
0.0011959
0.0011953
0.0011947
0.0011941
0.0011935
0.0011929
0.0011923
0.0011917
0.0011911
0.0011905
0.0011899
0.0011893
0.0011887
0.0011881
0.0011875
0.00118691
0.00118631
0.00118571
0.00118511
0.00118452
0.00118392
0.00118332
0.00118273
0.00118213
0.00118154
0.00118094
0.00118035
0.00117975
0.00117916
0.00117857
0.00117797
0.00117738
0.00117679
0.00117619
0.0011756
0.00117501
0.00117442
0.00117383
0.00117324
0.00117265
0.00117206
0.00117147
0.00117088
0.00117029
0.0011697
0.00116911
0.00116852
0.00116793
0.00116734
0.00116676
0.00116617
0.00116558
0.00116499
0.00116441
0.00116382
0.00116324
0.00116265
0.00116206
0.00116148
0.0011609
0.00116031
0.00115973
0.00115914
0.00115856
0.00115798
0.00115739
0.00115681
0.00115623
0.00115565
0.00115506
0.00115448
0.0011539
0.00115332
0.00115274
0.00115216
0.00115158
0.001151
0.00115042
0.00114984
0.00114926
0.00114868
0.0011481
0.00114753
0.00114695
0.00114637
0.00114579
0.00114522
0.00114464
0.00114406
0.00114349
0.00114291
0.00114234
0.00114176
0.00114119
0.00114061
0.00114004
0.00113946
0.00113889
0.00113832
0.00113774
0.00113717
0.0011366
0.00113603
0.00113546
0.00113488
0.00113431
0.00113374
0.00113317
0.0011326
0.00113203
0.00113146
0.00113089
0.00113032
0.00112975
0.00112918
0.00112861
0.00112805
0.00112748
0.00112691
0.00112634
0.00112578
0.00112521
0.00112464
0.00112408
0.00112351
0.00112294
0.00112238
0.00112181
0.00112125
0.00112069
0.00112012
0.00111956
0.00111899
0.00111843
0.00111787
0.0011173
0.00111674
0.00111618
0.00111562
0.00111506
0.00111449
0.00111393
0.00111337
0.00111281
0.00111225
0.00111169
0.00111113
0.00111057
0.00111001
0.00110945
0.0011089
0.00110834
0.00110778
0.00110722
0.00110666
0.00110611
0.00110555
0.00110499
0.00110444
0.00110388
0.00110333
0.00110277
0.00110222
0.00110166
0.00110111
0.00110055
0.0011
0.00109944
0.00109889
0.00109834
0.00109778
0.00109723
0.00109668
0.00109613
0.00109557
0.00109502
0.00109447
0.00109392
0.00109337
0.00109282
0.00109227
0.00109172
0.00109117
0.00109062
0.00109007
0.00108952
0.00108897
0.00108843
0.00108788
0.00108733
0.00108678
0.00108624
0.00108569
0.00108514
0.0010846
0.00108405
0.0010835
0.00108296
0.00108241
0.00108187
0.00108132
0.00108078
0.00108023
0.00107969
0.00107915
0.0010786
0.00107806
0.00107752
0.00107698
0.00107643
0.00107589
0.00107535
0.00107481
0.00107427
0.00107373
0.00107319
0.00107265
0.00107211
0.00107157
0.00107103
0.00107049
0.00106995
0.00106941
0.00106887
0.00106833
0.0010678
0.00106726
0.00106672
0.00106618
0.00106565
0.00106511
0.00106457
0.00106404
0.0010635
0.00106297
0.00106243
0.0010619
0.00106136
0.00106083
0.00106029
0.00105976
0.00105923
0.00105869
0.00105816
0.00105763
0.00105709
0.00105656
0.00105603
0.0010555
0.00105497
0.00105444
0.00105391
0.00105337
0.00105284
0.00105231
0.00105178
0.00105125
0.00105073
0.0010502
0.00104967
0.00104914
0.00104861
0.00104808
0.00104756
0.00104703
0.0010465
0.00104597
0.00104545
0.00104492
0.0010444
0.00104387
0.00104334
0.00104282
0.00104229
0.00104177
0.00104124
0.00104072
0.0010402
0.00103967
0.00103915
0.00103863
0.0010381
0.00103758
0.00103706
0.00103654
0.00103601
0.00103549
0.00103497
0.00103445
0.00103393
0.00103341
0.00103289
0.00103237
0.00103185
0.00103133
0.00103081
0.00103029
0.00102977
0.00102925
0.00102874
0.00102822
0.0010277
0.00102718
0.00102667
0.00102615
0.00102563
0.00102512
0.0010246
0.00102408
0.00102357
0.00102305
0.00102254
0.00102202
0.00102151
0.00102099
0.00102048
0.00101997
0.00101945
0.00101894
0.00101843
0.00101791
0.0010174
0.00101689
0.00101638
0.00101587
0.00101535
0.00101484
0.00101433
0.00101382
0.00101331
0.0010128
0.00101229
0.00101178
0.00101127
0.00101076
0.00101025
0.00100974
0.00100924
0.00100873
0.00100822
0.00100771
0.00100721
0.0010067
0.00100619
0.00100569
0.00100518
0.00100467
0.00100417
0.00100366
0.00100316
0.00100265
0.00100215
0.00100164
0.00100114
0.00100063
0.00100013
0.000999626
0.000999123
0.00099862
0.000998117
0.000997614
0.000997112
0.00099661
0.000996108
0.000995607
0.000995106
0.000994605
0.000994104
0.000993603
0.000993103
0.000992603
0.000992104
0.000991604
0.000991105
0.000990606
0.000990107
0.000989609
0.00098911
0.000988612
0.000988115
0.000987617
0.00098712
0.000986623
0.000986126
0.00098563
0.000985134
0.000984638
0.000984142
0.000983646
0.000983151
0.000982656
0.000982161
0.000981667
0.000981173
0.000980679
0.000980185
0.000979692
0.000979198
0.000978705
0.000978213
0.00097772
0.000977228
0.000976736
0.000976244
0.000975753
0.000975261
0.00097477
0.00097428
0.000973789
0.000973299
0.000972809
0.000972319
0.00097183
0.00097134
0.000970851
0.000970362
0.000969874
0.000969386
0.000968898
0.00096841
0.000967922
0.000967435
0.000966948
0.000966461
0.000965974
0.000965488
0.000965002
0.000964516
0.000964031
0.000963545
0.00096306
0.000962575
0.000962091
0.000961606
0.000961122
0.000960638
0.000960155
0.000959671
0.000959188
0.000958705
0.000958223
0.00095774
0.000957258
0.000956776
0.000956294
0.000955813
0.000955332
0.000954851
0.00095437
0.000953889
0.000953409
0.000952929
0.000952449
0.00095197
0.000951491
0.000951012
0.000950533
0.000950054
0.000949576
0.000949098
0.00094862
0.000948142
0.000947665
0.000947188
0.000946711
0.000946234
0.000945758
0.000945282
0.000944806
0.00094433
0.000943855
0.00094338
0.000942905
0.00094243
0.000941956
0.000941481
0.000941007
0.000940534
0.00094006
0.000939587
0.000939114
0.000938641
0.000938168
0.000937696
0.000937224
0.000936752
0.00093628
0.000935809
0.000935338
0.000934867
0.000934396
0.000933926
0.000933456
0.000932986
0.000932516
0.000932047
0.000931577
0.000931108
0.00093064
0.000930171
0.000929703
0.000929235
0.000928767
0.000928299
0.000927832
0.000927365
0.000926898
0.000926431
0.000925965
0.000925499
0.000925033
0.000924567
0.000924101
0.000923636
0.000923171
0.000922706
0.000922242
0.000921778
0.000921313
0.00092085
0.000920386
0.000919923
0.000919459
0.000918997
0.000918534
0.000918071
0.000917609
0.000917147
0.000916685
0.000916224
0.000915763
0.000915302
0.000914841
0.00091438
0.00091392
0.00091346
0.000913
0.00091254
0.000912081
0.000911622
0.000911163
0.000910704
0.000910245
0.000909787
0.000909329
0.000908871
0.000908414
0.000907956
0.000907499
0.000907042
0.000906586
0.000906129
0.000905673
0.000905217
0.000904761
0.000904306
0.000903851
0.000903395
0.000902941
0.000902486
0.000902032
0.000901578
0.000901124
0.00090067
0.000900217
0.000899763
0.00089931
0.000898858
0.000898405
0.000897953
0.000897501
0.000897049
0.000896597
0.000896146
0.000895695
0.000895244
0.000894793
0.000894342
0.000893892
0.000893442
0.000892992
0.000892543
0.000892093
0.000891644
0.000891195
0.000890747
0.000890298
0.00088985
0.000889402
0.000888954
0.000888507
0.000888059
0.000887612
0.000887165
0.000886719
0.000886272
0.000885826
0.00088538
0.000884934
0.000884489
0.000884043
0.000883598
0.000883154
0.000882709
0.000882265
0.00088182
0.000881376
0.000880933
0.000880489
0.000880046
0.000879603
0.00087916
0.000878717
0.000878275
0.000877833
0.000877391
0.000876949
0.000876508
0.000876066
0.000875625
0.000875184
0.000874744
0.000874303
0.000873863
0.000873423
0.000872983
0.000872544
0.000872105
0.000871666
0.000871227
0.000870788
0.00087035
0.000869912
0.000869474
0.000869036
0.000868598
0.000868161
0.000867724
0.000867287
0.00086685
0.000866414
0.000865978
0.000865542
0.000865106
0.00086467
0.000864235
0.0008638
0.000863365
0.00086293
0.000862496
0.000862062
0.000861628
0.000861194
0.00086076
0.000860327
0.000859894
0.000859461
0.000859028
0.000858596
0.000858164
0.000857731
0.0008573
0.000856868
0.000856437
0.000856005
0.000855574
0.000855144
0.000854713
0.000854283
0.000853853
0.000853423
0.000852993
0.000852564
0.000852135
0.000851706
0.000851277
0.000850848
0.00085042
0.000849992
0.000849564
0.000849136
0.000848709
0.000848281
0.000847854
0.000847427
0.000847001
0.000846574
0.000846148
0.000845722
0.000845296
0.000844871
0.000844445
0.00084402
0.000843595
0.00084317
0.000842746
0.000842322
0.000841898
0.000841474
0.00084105
0.000840627
0.000840203
0.00083978
0.000839358
0.000838935
0.000838513
0.000838091
0.000837669
0.000837247
0.000836825
0.000836404
0.000835983
0.000835562
0.000835141
0.000834721
0.000834301
0.000833881
0.000833461
0.000833041
0.000832622
0.000832203
0.000831784
0.000831365
0.000830946
0.000830528
0.00083011
0.000829692
0.000829274
0.000828857
0.000828439
0.000828022
0.000827605
0.000827189
0.000826772
0.000826356
0.00082594
0.000825524
0.000825109
0.000824693
0.000824278
0.000823863
0.000823448
0.000823034
0.000822619
0.000822205
0.000821791
0.000821377
0.000820964
0.000820551
0.000820137
0.000819725
0.000819312
0.000818899
0.000818487
0.000818075
0.000817663
0.000817251
0.00081684
0.000816429
0.000816018
0.000815607
0.000815196
0.000814786
0.000814376
0.000813966
0.000813556
0.000813146
0.000812737
0.000812328
0.000811919
0.00081151
0.000811101
0.000810693
0.000810285
0.000809877
0.000809469
0.000809062
0.000808654
0.000808247
0.00080784
0.000807434
0.000807027
0.000806621
0.000806215
0.000805809
0.000805403
0.000804998
0.000804592
0.000804187
0.000803782
0.000803378
0.000802973
0.000802569
0.000802165
0.000801761
0.000801357
0.000800954
0.000800551
0.000800148
0.000799745
0.000799342
0.00079894
0.000798538
0.000798135
0.000797734
0.000797332
0.000796931
0.000796529
0.000796128
0.000795728
0.000795327
0.000794927
0.000794526
0.000794126
0.000793726
0.000793327
0.000792927
0.000792528
0.000792129
0.00079173
0.000791332
0.000790933
0.000790535
0.000790137
0.000789739
0.000789342
0.000788944
0.000788547
0.00078815
0.000787753
0.000787357
0.00078696
0.000786564
0.000786168
0.000785772
0.000785377
0.000784981
0.000784586
0.000784191
0.000783796
0.000783402
0.000783007
0.000782613
0.000782219
0.000781825
0.000781432
0.000781038
0.000780645
0.000780252
0.000779859
0.000779467
0.000779074
0.000778682
0.00077829
0.000777898
0.000777506
0.000777115
0.000776724
0.000776333
0.000775942
0.000775551
0.000775161
0.00077477
0.00077438
0.000773991
0.000773601
0.000773211
0.000772822
0.000772433
0.000772044
0.000771655
0.000771267
0.000770879
0.000770491
0.000770103
0.000769715
0.000769327
0.00076894
0.000768553
0.000768166
0.000767779
0.000767393
0.000767006
0.00076662
0.000766234
0.000765848
0.000765463
0.000765078
0.000764692
0.000764307
0.000763923
0.000763538
0.000763154
0.000762769
0.000762385
0.000762001
0.000761618
0.000761234
0.000760851
0.000760468
0.000760085
0.000759703
0.00075932
0.000758938
0.000758556
0.000758174
0.000757792
0.000757411
0.000757029
0.000756648
0.000756267
0.000755886
0.000755506
0.000755126
0.000754745
0.000754365
0.000753986
0.000753606
0.000753227
0.000752847
0.000752468
0.000752089
0.000751711
0.000751332
0.000750954
0.000750576
0.000750198
0.00074982
0.000749443
0.000749066
0.000748689
0.000748312
0.000747935
0.000747558
0.000747182
0.000746806
0.00074643
0.000746054
0.000745678
0.000745303
0.000744928
0.000744553
0.000744178
0.000743803
0.000743429
0.000743054
0.00074268
0.000742306
0.000741933
0.000741559
0.000741186
0.000740813
0.00074044
0.000740067
0.000739694
0.000739322
0.00073895
0.000738578
0.000738206
0.000737834
0.000737463
0.000737091
0.00073672
0.000736349
0.000735979
0.000735608
0.000735238
0.000734868
0.000734498
0.000734128
0.000733758
0.000733389
0.00073302
0.000732651
0.000732282
0.000731913
0.000731545
0.000731176
0.000730808
0.00073044
0.000730072
0.000729705
0.000729337
0.00072897
0.000728603
0.000728236
0.00072787
0.000727503
0.000727137
0.000726771
0.000726405
0.000726039
0.000725674
0.000725309
0.000724943
0.000724578
0.000724214
0.000723849
0.000723485
0.00072312
0.000722756
0.000722392
0.000722029
0.000721665
0.000721302
0.000720939
0.000720576
0.000720213
0.00071985
0.000719488
0.000719126
0.000718764
0.000718402
0.00071804
0.000717679
0.000717317
0.000716956
0.000716595
0.000716234
0.000715874
0.000715513
0.000715153
0.000714793
0.000714433
0.000714074
0.000713714
0.000713355
0.000712996
0.000712637
0.000712278
0.000711919
0.000711561
0.000711203
0.000710845
0.000710487
0.000710129
0.000709771
0.000709414
0.000709057
0.0007087
0.000708343
0.000707987
0.00070763
0.000707274
0.000706918
0.000706562
0.000706206
0.000705851
0.000705495
0.00070514
0.000704785
0.00070443
0.000704076
0.000703721
0.000703367
0.000703013
0.000702659
0.000702305
0.000701951
0.000701598
0.000701245
0.000700892
0.000700539
0.000700186
0.000699834
0.000699481
0.000699129
0.000698777
0.000698425
0.000698074
0.000697722
0.000697371
0.00069702
0.000696669
0.000696318
0.000695968
0.000695617
0.000695267
0.000694917
0.000694567
0.000694217
0.000693868
0.000693519
0.000693169
0.00069282
0.000692472
0.000692123
0.000691775
0.000691426
0.000691078
0.00069073
0.000690383
0.000690035
0.000689688
0.00068934
0.000688993
0.000688646
0.0006883
0.000687953
0.000687607
0.000687261
0.000686915
0.000686569
0.000686223
0.000685878
0.000685532
0.000685187
0.000684842
0.000684497
0.000684153
0.000683808
0.000683464
0.00068312
0.000682776
0.000682432
0.000682089
0.000681745
0.000681402
0.000681059
0.000680716
0.000680373
0.000680031
0.000679689
0.000679346
0.000679004
0.000678662
0.000678321
0.000677979
0.000677638
0.000677297
0.000676956
0.000676615
0.000676274
0.000675934
0.000675594
0.000675253
0.000674913
0.000674574
0.000674234
0.000673895
0.000673555
0.000673216
0.000672877
0.000672539
0.0006722
0.000671861
0.000671523
0.000671185
0.000670847
0.00067051
0.000670172
0.000669835
0.000669497
0.00066916
0.000668823
0.000668487
0.00066815
0.000667814
0.000667477
0.000667141
0.000666806
0.00066647
0.000666134
0.000665799
0.000665464
0.000665129
0.000664794
0.000664459
0.000664125
0.00066379
0.000663456
0.000663122
0.000662788
0.000662454
0.000662121
0.000661788
0.000661454
0.000661121
0.000660789
0.000660456
0.000660123
0.000659791
0.000659459
0.000659127
0.000658795
0.000658463
0.000658132
0.0006578
0.000657469
0.000657138
0.000656807
0.000656477
0.000656146
0.000655816
0.000655486
0.000655156
0.000654826
0.000654496
0.000654167
0.000653837
0.000653508
0.000653179
0.00065285
0.000652522
0.000652193
0.000651865
0.000651537
0.000651209
0.000650881
0.000650553
0.000650225
0.000649898
0.000649571
0.000649244
0.000648917
0.00064859
0.000648264
0.000647937
0.000647611
0.000647285
0.000646959
0.000646634
0.000646308
0.000645983
0.000645657
0.000645332
0.000645007
0.000644683
0.000644358
0.000644034
0.000643709
0.000643385
0.000643061
0.000642738
0.000642414
0.000642091
0.000641767
0.000641444
0.000641121
0.000640799
0.000640476
0.000640154
0.000639831
0.000639509
0.000639187
0.000638865
0.000638544
0.000638222
0.000637901
0.00063758
0.000637259
0.000636938
0.000636617
0.000636297
0.000635976
0.000635656
0.000635336
0.000635016
0.000634697
0.000634377
0.000634058
0.000633738
0.000633419
0.000633101
0.000632782
0.000632463
0.000632145
0.000631827
0.000631508
0.00063119
0.000630873
0.000630555
0.000630238
0.00062992
0.000629603
0.000629286
0.000628969
0.000628653
0.000628336
0.00062802
0.000627704
0.000627388
0.000627072
0.000626756
0.000626441
0.000626125
0.00062581
0.000625495
0.00062518
0.000624865
0.000624551
0.000624236
0.000623922
0.000623608
0.000623294
0.00062298
0.000622666
0.000622353
0.00062204
0.000621726
0.000621413
0.000621101
0.000620788
0.000620475
0.000620163
0.000619851
0.000619539
0.000619227
0.000618915
0.000618603
0.000618292
0.000617981
0.000617669
0.000617359
0.000617048
0.000616737
0.000616427
0.000616116
0.000615806
0.000615496
0.000615186
0.000614876
0.000614567
0.000614257
0.000613948
0.000613639
0.00061333
0.000613021
0.000612713
0.000612404
0.000612096
0.000611788
0.00061148
0.000611172
0.000610864
0.000610557
0.000610249
0.000609942
0.000609635
0.000609328
0.000609021
0.000608715
0.000608408
0.000608102
0.000607796
0.00060749
0.000607184
0.000606878
0.000606573
0.000606267
0.000605962
0.000605657
0.000605352
0.000605047
0.000604743
0.000604438
0.000604134
0.00060383
0.000603526
0.000603222
0.000602918
0.000602615
0.000602311
0.000602008
0.000601705
0.000601402
0.000601099
0.000600797
0.000600494
0.000600192
0.00059989
0.000599588
0.000599286
0.000598984
0.000598682
0.000598381
0.00059808
0.000597779
0.000597478
0.000597177
0.000596876
0.000596576
0.000596275
0.000595975
0.000595675
0.000595375
0.000595075
0.000594776
0.000594476
0.000594177
0.000593878
0.000593579
0.00059328
0.000592981
0.000592683
0.000592385
0.000592086
0.000591788
0.00059149
0.000591192
0.000590895
0.000590597
0.0005903
0.000590003
0.000589706
0.000589409
0.000589112
0.000588816
0.000588519
0.000588223
0.000587927
0.000587631
0.000587335
0.000587039
0.000586744
0.000586448
0.000586153
0.000585858
0.000585563
0.000585268
0.000584973
0.000584679
0.000584385
0.00058409
0.000583796
0.000583502
0.000583209
0.000582915
0.000582621
0.000582328
0.000582035
0.000581742
0.000581449
0.000581156
0.000580864
0.000580571
0.000580279
0.000579987
0.000579695
0.000579403
0.000579111
0.00057882
0.000578528
0.000578237
0.000577946
0.000577655
0.000577364
0.000577073
0.000576783
0.000576493
0.000576202
0.000575912
0.000575622
0.000575332
0.000575043
0.000574753
0.000574464
0.000574175
0.000573886
0.000573597
0.000573308
0.000573019
0.000572731
0.000572442
0.000572154
0.000571866
0.000571578
0.000571291
0.000571003
0.000570715
0.000570428
0.000570141
0.000569854
0.000569567
0.00056928
0.000568994
0.000568707
0.000568421
0.000568135
0.000567849
0.000567563
0.000567277
0.000566991
0.000566706
0.000566421
0.000566135
0.00056585
0.000565566
0.000565281
0.000564996
0.000564712
0.000564427
0.000564143
0.000563859
0.000563575
0.000563292
0.000563008
0.000562725
0.000562441
0.000562158
0.000561875
0.000561592
0.000561309
0.000561027
0.000560744
0.000560462
0.00056018
0.000559898
0.000559616
0.000559334
0.000559053
0.000558771
0.00055849
0.000558209
0.000557928
0.000557647
0.000557366
0.000557085
0.000556805
0.000556525
0.000556244
0.000555964
0.000555685
0.000555405
0.000555125
0.000554846
0.000554566
0.000554287
0.000554008
0.000553729
0.00055345
0.000553172
0.000552893
0.000552615
0.000552337
0.000552059
0.000551781
0.000551503
0.000551225
0.000550948
0.00055067
0.000550393
0.000550116
0.000549839
0.000549562
0.000549285
0.000549009
0.000548733
0.000548456
0.00054818
0.000547904
0.000547628
0.000547353
0.000547077
0.000546802
0.000546526
0.000546251
0.000545976
0.000545701
0.000545427
0.000545152
0.000544877
0.000544603
0.000544329
0.000544055
0.000543781
0.000543507
0.000543234
0.00054296
0.000542687
0.000542414
0.00054214
0.000541867
0.000541595
0.000541322
0.000541049
0.000540777
0.000540505
0.000540233
0.000539961
0.000539689
0.000539417
0.000539146
0.000538874
0.000538603
0.000538332
0.000538061
0.00053779
0.000537519
0.000537248
0.000536978
0.000536708
0.000536437
0.000536167
0.000535897
0.000535628
0.000535358
0.000535088
0.000534819
0.00053455
0.000534281
0.000534012
0.000533743
0.000533474
0.000533205
0.000532937
0.000532669
0.0005324
0.000532132
0.000531865
0.000531597
0.000531329
0.000531062
0.000530794
0.000530527
0.00053026
0.000529993
0.000529726
0.000529459
0.000529193
0.000528926
0.00052866
0.000528394
0.000528128
0.000527862
0.000527596
0.000527331
0.000527065
0.0005268
0.000526535
0.00052627
0.000526005
0.00052574
0.000525475
0.000525211
0.000524946
0.000524682
0.000524418
0.000524154
0.00052389
0.000523626
0.000523362
0.000523099
0.000522836
0.000522572
0.000522309
0.000522046
0.000521783
0.000521521
0.000521258
0.000520996
0.000520733
0.000520471
0.000520209
0.000519947
0.000519686
0.000519424
0.000519162
0.000518901
0.00051864
0.000518379
0.000518118
0.000517857
0.000517596
0.000517336
0.000517075
0.000516815
0.000516555
0.000516295
0.000516035
0.000515775
0.000515515
0.000515256
0.000514996
0.000514737
0.000514478
0.000514219
0.00051396
0.000513701
0.000513442
0.000513184
0.000512926
0.000512667
0.000512409
0.000512151
0.000511893
0.000511636
0.000511378
0.000511121
0.000510863
0.000510606
0.000510349
0.000510092
0.000509835
0.000509579
0.000509322
0.000509066
0.000508809
0.000508553
0.000508297
0.000508041
0.000507785
0.00050753
0.000507274
0.000507019
0.000506764
0.000506509
0.000506254
0.000505999
0.000505744
0.000505489
0.000505235
0.00050498
0.000504726
0.000504472
0.000504218
0.000503964
0.00050371
0.000503457
0.000503203
0.00050295
0.000502697
0.000502444
0.000502191
0.000501938
0.000501685
0.000501433
0.00050118
0.000500928
0.000500676
0.000500424
0.000500172
0.00049992
0.000499668
0.000499417
0.000499165
0.000498914
0.000498663
0.000498412
0.000498161
0.00049791
0.000497659
0.000497409
0.000497158
0.000496908
0.000496658
0.000496408
0.000496158
0.000495908
0.000495658
0.000495409
0.000495159
0.00049491
0.000494661
0.000494412
0.000494163
0.000493914
0.000493666
0.000493417
0.000493169
0.00049292
0.000492672
0.000492424
0.000492176
0.000491928
0.000491681
0.000491433
0.000491186
0.000490939
0.000490691
0.000490444
0.000490197
0.000489951
0.000489704
0.000489457
0.000489211
0.000488965
0.000488718
0.000488472
0.000488227
0.000487981
0.000487735
0.000487489
0.000487244
0.000486999
0.000486754
0.000486508
0.000486264
0.000486019
0.000485774
0.000485529
0.000485285
0.000485041
0.000484797
0.000484552
0.000484308
0.000484065
0.000483821
0.000483577
0.000483334
0.000483091
0.000482847
0.000482604
0.000482361
0.000482118
0.000481876
0.000481633
0.000481391
0.000481148
0.000480906
0.000480664
0.000480422
0.00048018
0.000479938
0.000479697
0.000479455
0.000479214
0.000478973
0.000478731
0.00047849
0.000478249
0.000478009
0.000477768
0.000477527
0.000477287
0.000477047
0.000476807
0.000476567
0.000476327
0.000476087
0.000475847
0.000475608
0.000475368
0.000475129
0.00047489
0.00047465
0.000474412
0.000474173
0.000473934
0.000473695
0.000473457
0.000473218
0.00047298
0.000472742
0.000472504
0.000472266
0.000472028
0.000471791
0.000471553
0.000471316
0.000471079
0.000470841
0.000470604
0.000470367
0.000470131
0.000469894
0.000469657
0.000469421
0.000469185
0.000468948
0.000468712
0.000468476
0.00046824
0.000468005
0.000467769
0.000467534
0.000467298
0.000467063
0.000466828
0.000466593
0.000466358
0.000466123
0.000465888
0.000465654
0.000465419
0.000465185
0.000464951
0.000464717
0.000464483
0.000464249
0.000464015
0.000463782
0.000463548
0.000463315
0.000463081
0.000462848
0.000462615
0.000462382
0.00046215
0.000461917
0.000461684
0.000461452
0.00046122
0.000460987
0.000460755
0.000460523
0.000460292
0.00046006
0.000459828
0.000459597
0.000459365
0.000459134
0.000458903
0.000458672
0.000458441
0.00045821
0.000457979
0.000457749
0.000457518
0.000457288
0.000457058
0.000456828
0.000456598
0.000456368
0.000456138
0.000455908
0.000455679
0.000455449
0.00045522
0.000454991
0.000454762
0.000454533
0.000454304
0.000454075
0.000453847
0.000453618
0.00045339
0.000453162
0.000452934
0.000452705
0.000452478
0.00045225
0.000452022
0.000451794
0.000451567
0.00045134
0.000451112
0.000450885
0.000450658
0.000450431
0.000450205
0.000449978
0.000449751
0.000449525
0.000449299
0.000449073
0.000448846
0.00044862
0.000448395
0.000448169
0.000447943
0.000447718
0.000447492
0.000447267
0.000447042
0.000446817
0.000446592
0.000446367
0.000446142
0.000445918
0.000445693
0.000445469
0.000445244
0.00044502
0.000444796
0.000444572
0.000444348
0.000444125
0.000443901
0.000443678
0.000443454
0.000443231
0.000443008
0.000442785
0.000442562
0.000442339
0.000442116
0.000441894
0.000441671
0.000441449
0.000441227
0.000441005
0.000440783
0.000440561
0.000440339
0.000440117
0.000439896
0.000439674
0.000439453
0.000439232
0.00043901
0.000438789
0.000438568
0.000438348
0.000438127
0.000437906
0.000437686
0.000437466
0.000437245
0.000437025
0.000436805
0.000436585
0.000436365
0.000436146
0.000435926
0.000435707
0.000435487
0.000435268
0.000435049
0.00043483
0.000434611
0.000434392
0.000434174
0.000433955
0.000433736
0.000433518
0.0004333
0.000433082
0.000432864
0.000432646
0.000432428
0.00043221
0.000431993
0.000431775
0.000431558
0.00043134
0.000431123
0.000430906
0.000430689
0.000430472
0.000430256
0.000430039
0.000429823
0.000429606
0.00042939
0.000429174
0.000428958
0.000428742
0.000428526
0.00042831
0.000428094
0.000427879
0.000427664
0.000427448
0.000427233
0.000427018
0.000426803
0.000426588
0.000426373
0.000426159
0.000425944
0.00042573
0.000425515
0.000425301
0.000425087
0.000424873
0.000424659
0.000424445
0.000424232
0.000424018
0.000423804
0.000423591
0.000423378
0.000423165
0.000422952
0.000422739
0.000422526
0.000422313
0.000422101
0.000421888
0.000421676
0.000421463
0.000421251
0.000421039
0.000420827
0.000420615
0.000420403
0.000420192
0.00041998
0.000419769
0.000419557
0.000419346
0.000419135
0.000418924
0.000418713
0.000418502
0.000418292
0.000418081
0.000417871
0.00041766
0.00041745
0.00041724
0.00041703
0.00041682
0.00041661
0.0004164
0.000416191
0.000415981
0.000415772
0.000415562
0.000415353
0.000415144
0.000414935
0.000414726
0.000414517
0.000414309
0.0004141
0.000413891
0.000413683
0.000413475
0.000413267
0.000413059
0.000412851
0.000412643
0.000412435
0.000412227
0.00041202
0.000411812
0.000411605
0.000411398
0.000411191
0.000410984
0.000410777
0.00041057
0.000410363
0.000410157
0.00040995
0.000409744
0.000409537
0.000409331
0.000409125
0.000408919
0.000408713
0.000408508
0.000408302
0.000408096
0.000407891
0.000407686
0.00040748
0.000407275
0.00040707
0.000406865
0.00040666
0.000406456
0.000406251
0.000406046
0.000405842
0.000405638
0.000405433
0.000405229
0.000405025
0.000404821
0.000404618
0.000404414
0.00040421
0.000404007
0.000403803
0.0004036
0.000403397
0.000403194
0.000402991
0.000402788
0.000402585
0.000402382
0.00040218
0.000401977
0.000401775
0.000401573
0.000401371
0.000401168
0.000400966
0.000400765
0.000400563
0.000400361
0.00040016
0.000399958
0.000399757
0.000399556
0.000399354
0.000399153
0.000398952
0.000398752
0.000398551
0.00039835
0.00039815
0.000397949
0.000397749
0.000397548
0.000397348
0.000397148
0.000396948
0.000396749
0.000396549
0.000396349
0.00039615
0.00039595
0.000395751
0.000395552
0.000395352
0.000395153
0.000394954
0.000394756
0.000394557
0.000394358
0.00039416
0.000393961
0.000393763
0.000393565
0.000393366
0.000393168
0.00039297
0.000392773
0.000392575
0.000392377
0.00039218
0.000391982
0.000391785
0.000391588
0.000391391
0.000391193
0.000390997
0.0003908
0.000390603
0.000390406
0.00039021
0.000390013
0.000389817
0.000389621
0.000389424
0.000389228
0.000389032
0.000388837
0.000388641
0.000388445
0.00038825
0.000388054
0.000387859
0.000387664
0.000387468
0.000387273
0.000387078
0.000386883
0.000386689
0.000386494
0.000386299
0.000386105
0.00038591
0.000385716
0.000385522
0.000385328
0.000385134
0.00038494
0.000384746
0.000384553
0.000384359
0.000384165
0.000383972
0.000383779
0.000383585
0.000383392
0.000383199
0.000383006
0.000382814
0.000382621
0.000382428
0.000382236
0.000382043
0.000381851
0.000381659
0.000381466
0.000381274
0.000381082
0.000380891
0.000380699
0.000380507
0.000380316
0.000380124
0.000379933
0.000379741
0.00037955
0.000379359
0.000379168
0.000378977
0.000378787
0.000378596
0.000378405
0.000378215
0.000378024
0.000377834
0.000377644
0.000377454
0.000377264
0.000377074
0.000376884
0.000376694
0.000376504
0.000376315
0.000376125
0.000375936
0.000375747
0.000375558
0.000375369
0.00037518
0.000374991
0.000374802
0.000374613
0.000374425
0.000374236
0.000374048
0.000373859
0.000373671
0.000373483
0.000373295
0.000373107
0.000372919
0.000372731
0.000372544
0.000372356
0.000372169
0.000371981
0.000371794
0.000371607
0.00037142
0.000371233
0.000371046
0.000370859
0.000370672
0.000370486
0.000370299
0.000370113
0.000369927
0.00036974
0.000369554
0.000369368
0.000369182
0.000368996
0.00036881
0.000368625
0.000368439
0.000368254
0.000368068
0.000367883
0.000367698
0.000367513
0.000367328
0.000367143
0.000366958
0.000366773
0.000366588
0.000366404
0.000366219
0.000366035
0.000365851
0.000365667
0.000365482
0.000365298
0.000365115
0.000364931
0.000364747
0.000364563
0.00036438
0.000364196
0.000364013
0.00036383
0.000363647
0.000363464
0.000363281
0.000363098
0.000362915
0.000362732
0.000362549
0.000362367
0.000362185
0.000362002
0.00036182
0.000361638
0.000361456
0.000361274
0.000361092
0.00036091
0.000360728
0.000360547
0.000360365
0.000360184
0.000360002
0.000359821
0.00035964
0.000359459
0.000359278
0.000359097
0.000358916
0.000358736
0.000358555
0.000358375
0.000358194
0.000358014
0.000357833
0.000357653
0.000357473
0.000357293
0.000357113
0.000356934
0.000356754
0.000356574
0.000356395
0.000356215
0.000356036
0.000355857
0.000355678
0.000355499
0.00035532
0.000355141
0.000354962
0.000354783
0.000354605
0.000354426
0.000354248
0.000354069
0.000353891
0.000353713
0.000353535
0.000353357
0.000353179
0.000353001
0.000352823
0.000352646
0.000352468
0.000352291
0.000352113
0.000351936
0.000351759
0.000351582
0.000351405
0.000351228
0.000351051
0.000350874
0.000350698
0.000350521
0.000350345
0.000350168
0.000349992
0.000349816
0.00034964
0.000349464
0.000349288
0.000349112
0.000348936
0.00034876
0.000348585
0.000348409
0.000348234
0.000348059
0.000347883
0.000347708
0.000347533
0.000347358
0.000347183
0.000347008
0.000346834
0.000346659
0.000346485
0.00034631
0.000346136
0.000345962
0.000345787
0.000345613
0.000345439
0.000345265
0.000345092
0.000344918
0.000344744
0.000344571
0.000344397
0.000344224
0.00034405
0.000343877
0.000343704
0.000343531
0.000343358
0.000343185
0.000343012
0.00034284
0.000342667
0.000342495
0.000342322
0.00034215
0.000341978
0.000341805
0.000341633
0.000341461
0.000341289
0.000341118
0.000340946
0.000340774
0.000340603
0.000340431
0.00034026
0.000340088
0.000339917
0.000339746
0.000339575
0.000339404
0.000339233
0.000339062
0.000338892
0.000338721
0.000338551
0.00033838
0.00033821
0.000338039
0.000337869
0.000337699
0.000337529
0.000337359
0.000337189
0.00033702
0.00033685
0.00033668
0.000336511
0.000336341
0.000336172
0.000336003
0.000335834
0.000335665
0.000335496
0.000335327
0.000335158
0.000334989
0.000334821
0.000334652
0.000334483
0.000334315
0.000334147
0.000333979
0.00033381
0.000333642
0.000333474
0.000333306
0.000333139
0.000332971
0.000332803
0.000332636
0.000332468
0.000332301
0.000332134
0.000331966
0.000331799
0.000331632
0.000331465
0.000331298
0.000331132
0.000330965
0.000330798
0.000330632
0.000330465
0.000330299
0.000330133
0.000329966
0.0003298
0.000329634
0.000329468
0.000329302
0.000329137
0.000328971
0.000328805
0.00032864
0.000328474
0.000328309
0.000328144
0.000327978
0.000327813
0.000327648
0.000327483
0.000327318
0.000327154
0.000326989
0.000326824
0.00032666
0.000326495
0.000326331
0.000326167
0.000326002
0.000325838
0.000325674
0.00032551
0.000325346
0.000325183
0.000325019
0.000324855
0.000324692
0.000324528
0.000324365
0.000324201
0.000324038
0.000323875
0.000323712
0.000323549
0.000323386
0.000323223
0.000323061
0.000322898
0.000322735
0.000322573
0.000322411
0.000322248
0.000322086
0.000321924
0.000321762
0.0003216
0.000321438
0.000321276
0.000321114
0.000320953
0.000320791
0.00032063
0.000320468
0.000320307
0.000320146
0.000319984
0.000319823
0.000319662
0.000319501
0.00031934
0.00031918
0.000319019
0.000318858
0.000318698
0.000318537
0.000318377
0.000318217
0.000318056
0.000317896
0.000317736
0.000317576
0.000317416
0.000317257
0.000317097
0.000316937
0.000316778
0.000316618
0.000316459
0.0003163
0.00031614
0.000315981
0.000315822
0.000315663
0.000315504
0.000315345
0.000315186
0.000315028
0.000314869
0.000314711
0.000314552
0.000314394
0.000314236
0.000314077
0.000313919
0.000313761
0.000313603
0.000313445
0.000313288
0.00031313
0.000312972
0.000312815
0.000312657
0.0003125
0.000312342
0.000312185
0.000312028
0.000311871
0.000311714
0.000311557
0.0003114
0.000311243
0.000311087
0.00031093
0.000310773
0.000310617
0.000310461
0.000310304
0.000310148
0.000309992
0.000309836
0.00030968
0.000309524
0.000309368
0.000309212
0.000309057
0.000308901
0.000308746
0.00030859
0.000308435
0.000308279
0.000308124
0.000307969
0.000307814
0.000307659
0.000307504
0.000307349
0.000307195
0.00030704
0.000306885
0.000306731
0.000306577
0.000306422
0.000306268
0.000306114
0.00030596
0.000305806
0.000305652
0.000305498
0.000305344
0.00030519
0.000305037
0.000304883
0.000304729
0.000304576
0.000304423
0.000304269
0.000304116
0.000303963
0.00030381
0.000303657
0.000303504
0.000303351
0.000303199
0.000303046
0.000302894
0.000302741
0.000302589
0.000302436
0.000302284
0.000302132
0.00030198
0.000301828
0.000301676
0.000301524
0.000301372
0.00030122
0.000301069
0.000300917
0.000300766
0.000300614
0.000300463
0.000300312
0.00030016
0.000300009
0.000299858
0.000299707
0.000299556
0.000299406
0.000299255
0.000299104
0.000298954
0.000298803
0.000298653
0.000298502
0.000298352
0.000298202
0.000298052
0.000297902
0.000297752
0.000297602
0.000297452
0.000297302
0.000297152
0.000297003
0.000296853
0.000296704
0.000296554
0.000296405
0.000296256
0.000296107
0.000295958
0.000295809
0.00029566
0.000295511
0.000295362
0.000295213
0.000295065
0.000294916
0.000294768
0.000294619
0.000294471
0.000294323
0.000294175
0.000294026
0.000293878
0.00029373
0.000293583
0.000293435
0.000293287
0.000293139
0.000292992
0.000292844
0.000292697
0.00029255
0.000292402
0.000292255
0.000292108
0.000291961
0.000291814
0.000291667
0.00029152
0.000291373
0.000291227
0.00029108
0.000290933
0.000290787
0.000290641
0.000290494
0.000290348
0.000290202
0.000290056
0.00028991
0.000289764
0.000289618
0.000289472
0.000289326
0.000289181
0.000289035
0.00028889
0.000288744
0.000288599
0.000288453
0.000288308
0.000288163
0.000288018
0.000287873
0.000287728
0.000287583
0.000287438
0.000287294
0.000287149
0.000287004
0.00028686
0.000286716
0.000286571
0.000286427
0.000286283
0.000286139
0.000285995
0.000285851
0.000285707
0.000285563
0.000285419
0.000285275
0.000285132
0.000284988
0.000284845
0.000284701
0.000284558
0.000284415
0.000284271
0.000284128
0.000283985
0.000283842
0.000283699
0.000283557
0.000283414
0.000283271
0.000283129
0.000282986
0.000282844
0.000282701
0.000282559
0.000282417
0.000282274
0.000282132
0.00028199
0.000281848
0.000281706
0.000281565
0.000281423
0.000281281
0.000281139
0.000280998
0.000280856
0.000280715
0.000280574
0.000280432
0.000280291
0.00028015
0.000280009
0.000279868
0.000279727
0.000279586
0.000279446
0.000279305
0.000279164
0.000279024
0.000278883
0.000278743
0.000278603
0.000278462
0.000278322
0.000278182
0.000278042
0.000277902
0.000277762
0.000277622
0.000277482
0.000277343
0.000277203
0.000277064
0.000276924
0.000276785
0.000276645
0.000276506
0.000276367
0.000276228
0.000276089
0.00027595
0.000275811
0.000275672
0.000275533
0.000275394
0.000275256
0.000275117
0.000274979
0.00027484
0.000274702
0.000274563
0.000274425
0.000274287
0.000274149
0.000274011
0.000273873
0.000273735
0.000273597
0.00027346
0.000273322
0.000273184
0.000273047
0.000272909
0.000272772
0.000272635
0.000272497
0.00027236
0.000272223
0.000272086
0.000271949
0.000271812
0.000271675
0.000271538
0.000271402
0.000271265
0.000271128
0.000270992
0.000270856
0.000270719
0.000270583
0.000270447
0.00027031
0.000270174
0.000270038
0.000269902
0.000269767
0.000269631
0.000269495
0.000269359
0.000269224
0.000269088
0.000268953
0.000268817
0.000268682
0.000268547
0.000268411
0.000268276
0.000268141
0.000268006
0.000267871
0.000267736
0.000267602
0.000267467
0.000267332
0.000267198
0.000267063
0.000266929
0.000266794
0.00026666
0.000266526
0.000266392
0.000266257
0.000266123
0.000265989
0.000265856
0.000265722
0.000265588
0.000265454
0.000265321
0.000265187
0.000265053
0.00026492
0.000264787
0.000264653
0.00026452
0.000264387
0.000264254
0.000264121
0.000263988
0.000263855
0.000263722
0.000263589
0.000263457
0.000263324
0.000263191
0.000263059
0.000262926
0.000262794
0.000262662
0.000262529
0.000262397
0.000262265
0.000262133
0.000262001
0.000261869
0.000261737
0.000261606
0.000261474
0.000261342
0.000261211
0.000261079
0.000260948
0.000260816
0.000260685
0.000260554
0.000260423
0.000260292
0.000260161
0.00026003
0.000259899
0.000259768
0.000259637
0.000259506
0.000259376
0.000259245
0.000259115
0.000258984
0.000258854
0.000258723
0.000258593
0.000258463
0.000258333
0.000258203
0.000258073
0.000257943
0.000257813
0.000257683
0.000257553
0.000257424
0.000257294
0.000257165
0.000257035
0.000256906
0.000256776
0.000256647
0.000256518
0.000256389
0.00025626
0.000256131
0.000256002
0.000255873
0.000255744
0.000255615
0.000255487
0.000255358
0.000255229
0.000255101
0.000254972
0.000254844
0.000254716
0.000254588
0.000254459
0.000254331
0.000254203
0.000254075
0.000253947
0.000253819
0.000253692
0.000253564
0.000253436
0.000253309
0.000253181
0.000253054
0.000252926
0.000252799
0.000252672
0.000252544
0.000252417
0.00025229
0.000252163
0.000252036
0.000251909
0.000251783
0.000251656
0.000251529
0.000251402
0.000251276
0.000251149
0.000251023
0.000250897
0.00025077
0.000250644
0.000250518
0.000250392
0.000250266
0.00025014
0.000250014
0.000249888
0.000249762
0.000249636
0.000249511
0.000249385
0.000249259
0.000249134
0.000249008
0.000248883
0.000248758
0.000248633
0.000248507
0.000248382
0.000248257
0.000248132
0.000248007
0.000247882
0.000247758
0.000247633
0.000247508
0.000247384
0.000247259
0.000247135
0.00024701
0.000246886
0.000246762
0.000246637
0.000246513
0.000246389
0.000246265
0.000246141
0.000246017
0.000245893
0.000245769
0.000245646
0.000245522
0.000245398
0.000245275
0.000245151
0.000245028
0.000244905
0.000244781
0.000244658
0.000244535
0.000244412
0.000244289
0.000244166
0.000244043
0.00024392
0.000243797
0.000243674
0.000243552
0.000243429
0.000243307
0.000243184
0.000243062
0.000242939
0.000242817
0.000242695
0.000242572
0.00024245
0.000242328
0.000242206
0.000242084
0.000241962
0.000241841
0.000241719
0.000241597
0.000241476
0.000241354
0.000241232
0.000241111
0.00024099
0.000240868
0.000240747
0.000240626
0.000240505
0.000240384
0.000240263
0.000240142
0.000240021
0.0002399
0.000239779
0.000239658
0.000239538
0.000239417
0.000239297
0.000239176
0.000239056
0.000238935
0.000238815
0.000238695
0.000238575
0.000238455
0.000238334
0.000238215
0.000238095
0.000237975
0.000237855
0.000237735
0.000237615
0.000237496
0.000237376
0.000237257
0.000237137
0.000237018
0.000236899
0.000236779
0.00023666
0.000236541
0.000236422
0.000236303
0.000236184
0.000236065
0.000235946
0.000235827
0.000235709
0.00023559
0.000235471
0.000235353
0.000235234
0.000235116
0.000234997
0.000234879
0.000234761
0.000234643
0.000234525
0.000234407
0.000234288
0.000234171
0.000234053
0.000233935
0.000233817
0.000233699
0.000233582
0.000233464
0.000233347
0.000233229
0.000233112
0.000232994
0.000232877
0.00023276
0.000232643
0.000232525
0.000232408
0.000232291
0.000232174
0.000232057
0.000231941
0.000231824
0.000231707
0.000231591
0.000231474
0.000231357
0.000231241
0.000231124
0.000231008
0.000230892
0.000230776
0.000230659
0.000230543
0.000230427
0.000230311
0.000230195
0.000230079
0.000229964
0.000229848
0.000229732
0.000229616
0.000229501
0.000229385
0.00022927
0.000229154
0.000229039
0.000228924
0.000228808
0.000228693
0.000228578
0.000228463
0.000228348
0.000228233
0.000228118
0.000228003
0.000227888
0.000227774
0.000227659
0.000227544
0.00022743
0.000227315
0.000227201
0.000227087
0.000226972
0.000226858
0.000226744
0.00022663
0.000226515
0.000226401
0.000226287
0.000226173
0.00022606
0.000225946
0.000225832
0.000225718
0.000225605
0.000225491
0.000225378
0.000225264
0.000225151
0.000225037
0.000224924
0.000224811
0.000224698
0.000224585
0.000224471
0.000224358
0.000224245
0.000224133
0.00022402
0.000223907
0.000223794
0.000223682
0.000223569
0.000223456
0.000223344
0.000223231
0.000223119
0.000223007
0.000222894
0.000222782
0.00022267
0.000222558
0.000222446
0.000222334
0.000222222
0.00022211
0.000221998
0.000221887
0.000221775
0.000221663
0.000221552
0.00022144
0.000221329
0.000221217
0.000221106
0.000220994
0.000220883
0.000220772
0.000220661
0.00022055
0.000220439
0.000220328
0.000220217
0.000220106
0.000219995
0.000219884
0.000219774
0.000219663
0.000219552
0.000219442
0.000219331
0.000219221
0.000219111
0.000219
0.00021889
0.00021878
0.00021867
0.00021856
0.00021845
0.00021834
0.00021823
0.00021812
0.00021801
0.0002179
0.00021779
0.000217681
0.000217571
0.000217462
0.000217352
0.000217243
0.000217133
0.000217024
0.000216915
0.000216806
0.000216696
0.000216587
0.000216478
0.000216369
0.00021626
0.000216152
0.000216043
0.000215934
0.000215825
0.000215717
0.000215608
0.000215499
0.000215391
0.000215282
0.000215174
0.000215066
0.000214957
0.000214849
0.000214741
0.000214633
0.000214525
0.000214417
0.000214309
0.000214201
0.000214093
0.000213985
0.000213878
0.00021377
0.000213662
0.000213555
0.000213447
0.00021334
0.000213232
0.000213125
0.000213018
0.000212911
0.000212803
0.000212696
0.000212589
0.000212482
0.000212375
0.000212268
0.000212161
0.000212055
0.000211948
0.000211841
0.000211734
0.000211628
0.000211521
0.000211415
0.000211308
0.000211202
0.000211096
0.000210989
0.000210883
0.000210777
0.000210671
0.000210565
0.000210459
0.000210353
0.000210247
0.000210141
0.000210035
0.00020993
0.000209824
0.000209718
0.000209613
0.000209507
0.000209402
0.000209296
0.000209191
0.000209085
0.00020898
0.000208875
0.00020877
0.000208665
0.00020856
0.000208455
0.00020835
0.000208245
0.00020814
0.000208035
0.00020793
0.000207826
0.000207721
0.000207617
0.000207512
0.000207408
0.000207303
0.000207199
0.000207094
0.00020699
0.000206886
0.000206782
0.000206678
0.000206574
0.00020647
0.000206366
0.000206262
0.000206158
0.000206054
0.00020595
0.000205847
0.000205743
0.00020564
0.000205536
0.000205433
0.000205329
0.000205226
0.000205122
0.000205019
0.000204916
0.000204813
0.00020471
0.000204607
0.000204504
0.000204401
0.000204298
0.000204195
0.000204092
0.000203989
0.000203887
0.000203784
0.000203681
0.000203579
0.000203476
0.000203374
0.000203271
0.000203169
0.000203067
0.000202965
0.000202862
0.00020276
0.000202658
0.000202556
0.000202454
0.000202352
0.00020225
0.000202149
0.000202047
0.000201945
0.000201843
0.000201742
0.00020164
0.000201539
0.000201437
0.000201336
0.000201234
0.000201133
0.000201032
0.000200931
0.00020083
0.000200728
0.000200627
0.000200526
0.000200425
0.000200324
0.000200224
0.000200123
0.000200022
0.000199921
0.000199821
0.00019972
0.00019962
0.000199519
0.000199419
0.000199318
0.000199218
0.000199118
0.000199017
0.000198917
0.000198817
0.000198717
0.000198617
0.000198517
0.000198417
0.000198317
0.000198217
0.000198117
0.000198018
0.000197918
0.000197818
0.000197719
0.000197619
0.00019752
0.00019742
0.000197321
0.000197221
0.000197122
0.000197023
0.000196924
0.000196825
0.000196726
0.000196626
0.000196527
0.000196429
0.00019633
0.000196231
0.000196132
0.000196033
0.000195935
0.000195836
0.000195737
0.000195639
0.00019554
0.000195442
0.000195343
0.000195245
0.000195147
0.000195049
0.00019495
0.000194852
0.000194754
0.000194656
0.000194558
0.00019446
0.000194362
0.000194264
0.000194167
0.000194069
0.000193971
0.000193873
0.000193776
0.000193678
0.000193581
0.000193483
0.000193386
0.000193289
0.000193191
0.000193094
0.000192997
0.0001929
0.000192802
0.000192705
0.000192608
0.000192511
0.000192414
0.000192318
0.000192221
0.000192124
0.000192027
0.000191931
0.000191834
0.000191737
0.000191641
0.000191544
0.000191448
0.000191352
0.000191255
0.000191159
0.000191063
0.000190966
0.00019087
0.000190774
0.000190678
0.000190582
0.000190486
0.00019039
0.000190295
0.000190199
0.000190103
0.000190007
0.000189912
0.000189816
0.00018972
0.000189625
0.000189529
0.000189434
0.000189339
0.000189243
0.000189148
0.000189053
0.000188958
0.000188862
0.000188767
0.000188672
0.000188577
0.000188482
0.000188388
0.000188293
0.000188198
0.000188103
0.000188008
0.000187914
0.000187819
0.000187725
0.00018763
0.000187536
0.000187441
0.000187347
0.000187253
0.000187158
0.000187064
0.00018697
0.000186876
0.000186782
0.000186688
0.000186594
0.0001865
0.000186406
0.000186312
0.000186218
0.000186124
0.000186031
0.000185937
0.000185843
0.00018575
0.000185656
0.000185563
0.000185469
0.000185376
0.000185283
0.000185189
0.000185096
0.000185003
0.00018491
0.000184817
0.000184724
0.000184631
0.000184538
0.000184445
0.000184352
0.000184259
0.000184166
0.000184074
0.000183981
0.000183888
0.000183796
0.000183703
0.000183611
0.000183518
0.000183426
0.000183334
0.000183241
0.000183149
0.000183057
0.000182965
0.000182873
0.000182781
0.000182689
0.000182597
0.000182505
0.000182413
0.000182321
0.000182229
0.000182137
0.000182046
0.000181954
0.000181862
0.000181771
0.000181679
0.000181588
0.000181496
0.000181405
0.000181314
0.000181222
0.000181131
0.00018104
0.000180949
0.000180858
0.000180767
0.000180676
0.000180585
0.000180494
0.000180403
0.000180312
0.000180221
0.000180131
0.00018004
0.000179949
0.000179859
0.000179768
0.000179678
0.000179587
0.000179497
0.000179406
0.000179316
0.000179226
0.000179136
0.000179045
0.000178955
0.000178865
0.000178775
0.000178685
0.000178595
0.000178505
0.000178415
0.000178325
0.000178236
0.000178146
0.000178056
0.000177967
0.000177877
0.000177787
0.000177698
0.000177609
0.000177519
0.00017743
0.00017734
0.000177251
0.000177162
0.000177073
0.000176984
0.000176894
0.000176805
0.000176716
0.000176627
0.000176538
0.00017645
0.000176361
0.000176272
0.000176183
0.000176095
0.000176006
0.000175917
0.000175829
0.00017574
0.000175652
0.000175563
0.000175475
0.000175387
0.000175298
0.00017521
0.000175122
0.000175034
0.000174945
0.000174857
0.000174769
0.000174681
0.000174593
0.000174506
0.000174418
0.00017433
0.000174242
0.000174154
0.000174067
0.000173979
0.000173891
0.000173804
0.000173716
0.000173629
0.000173542
0.000173454
0.000173367
0.00017328
0.000173192
0.000173105
0.000173018
0.000172931
0.000172844
0.000172757
0.00017267
0.000172583
0.000172496
0.000172409
0.000172322
0.000172236
0.000172149
0.000172062
0.000171976
0.000171889
0.000171802
0.000171716
0.00017163
0.000171543
0.000171457
0.00017137
0.000171284
0.000171198
0.000171112
0.000171026
0.000170939
0.000170853
0.000170767
0.000170681
0.000170595
0.00017051
0.000170424
0.000170338
0.000170252
0.000170166
0.000170081
0.000169995
0.00016991
0.000169824
0.000169739
0.000169653
0.000169568
0.000169482
0.000169397
0.000169312
0.000169226
0.000169141
0.000169056
0.000168971
0.000168886
0.000168801
0.000168716
0.000168631
0.000168546
0.000168461
0.000168376
0.000168292
0.000168207
0.000168122
0.000168038
0.000167953
0.000167868
0.000167784
0.000167699
0.000167615
0.000167531
0.000167446
0.000167362
0.000167278
0.000167193
0.000167109
0.000167025
0.000166941
0.000166857
0.000166773
0.000166689
0.000166605
0.000166521
0.000166437
0.000166354
0.00016627
0.000166186
0.000166103
0.000166019
0.000165935
0.000165852
0.000165768
0.000165685
0.000165601
0.000165518
0.000165435
0.000165351
0.000165268
0.000165185
0.000165102
0.000165019
0.000164936
0.000164853
0.00016477
0.000164687
0.000164604
0.000164521
0.000164438
0.000164355
0.000164272
0.00016419
0.000164107
0.000164024
0.000163942
0.000163859
0.000163777
0.000163694
0.000163612
0.00016353
0.000163447
0.000163365
0.000163283
0.000163201
0.000163118
0.000163036
0.000162954
0.000162872
0.00016279
0.000162708
0.000162626
0.000162544
0.000162463
0.000162381
0.000162299
0.000162217
0.000162136
0.000162054
0.000161972
0.000161891
0.000161809
0.000161728
0.000161646
0.000161565
0.000161484
0.000161402
0.000161321
0.00016124
0.000161159
0.000161078
0.000160997
0.000160915
0.000160834
0.000160753
0.000160673
0.000160592
0.000160511
0.00016043
0.000160349
0.000160269
0.000160188
0.000160107
0.000160027
0.000159946
0.000159865
0.000159785
0.000159705
0.000159624
0.000159544
0.000159463
0.000159383
0.000159303
0.000159223
0.000159143
0.000159062
0.000158982
0.000158902
0.000158822
0.000158742
0.000158662
0.000158583
0.000158503
0.000158423
0.000158343
0.000158263
0.000158184
0.000158104
0.000158025
0.000157945
0.000157865
0.000157786
0.000157707
0.000157627
0.000157548
0.000157468
0.000157389
0.00015731
0.000157231
0.000157152
0.000157072
0.000156993
0.000156914
0.000156835
0.000156756
0.000156677
0.000156599
0.00015652
0.000156441
0.000156362
0.000156283
0.000156205
0.000156126
0.000156048
0.000155969
0.00015589
0.000155812
0.000155734
0.000155655
0.000155577
0.000155498
0.00015542
0.000155342
0.000155264
0.000155186
0.000155107
0.000155029
0.000154951
0.000154873
0.000154795
0.000154717
0.000154639
0.000154562
0.000154484
0.000154406
0.000154328
0.000154251
0.000154173
0.000154095
0.000154018
0.00015394
0.000153863
0.000153785
0.000153708
0.00015363
0.000153553
0.000153476
0.000153398
0.000153321
0.000153244
0.000153167
0.00015309
0.000153013
0.000152936
0.000152859
0.000152782
0.000152705
0.000152628
0.000152551
0.000152474
0.000152397
0.000152321
0.000152244
0.000152167
0.000152091
0.000152014
0.000151938
0.000151861
0.000151785
0.000151708
0.000151632
0.000151556
0.000151479
0.000151403
0.000151327
0.000151251
0.000151175
0.000151098
0.000151022
0.000150946
0.00015087
0.000150794
0.000150718
0.000150643
0.000150567
0.000150491
0.000150415
0.000150339
0.000150264
0.000150188
0.000150112
0.000150037
0.000149961
0.000149886
0.00014981
0.000149735
0.00014966
0.000149584
0.000149509
0.000149434
0.000149358
0.000149283
0.000149208
0.000149133
0.000149058
0.000148983
0.000148908
0.000148833
0.000148758
0.000148683
0.000148608
0.000148533
0.000148459
0.000148384
0.000148309
0.000148234
0.00014816
0.000148085
0.000148011
0.000147936
0.000147862
0.000147787
0.000147713
0.000147638
0.000147564
0.00014749
0.000147416
0.000147341
0.000147267
0.000147193
0.000147119
0.000147045
0.000146971
0.000146897
0.000146823
0.000146749
0.000146675
0.000146601
0.000146527
0.000146454
0.00014638
0.000146306
0.000146233
0.000146159
0.000146085
0.000146012
0.000145938
0.000145865
0.000145791
0.000145718
0.000145645
0.000145571
0.000145498
0.000145425
0.000145352
0.000145278
0.000145205
0.000145132
0.000145059
0.000144986
0.000144913
0.00014484
0.000144767
0.000144694
0.000144621
0.000144549
0.000144476
0.000144403
0.00014433
0.000144258
0.000144185
0.000144113
0.00014404
0.000143967
0.000143895
0.000143823
0.00014375
0.000143678
0.000143605
0.000143533
0.000143461
0.000143389
0.000143316
0.000143244
0.000143172
0.0001431
0.000143028
0.000142956
0.000142884
0.000142812
0.00014274
0.000142668
0.000142597
0.000142525
0.000142453
0.000142381
0.00014231
0.000142238
0.000142166
0.000142095
0.000142023
0.000141952
0.00014188
0.000141809
0.000141737
0.000141666
0.000141595
0.000141523
0.000141452
0.000141381
0.00014131
0.000141239
0.000141168
0.000141096
0.000141025
0.000140954
0.000140883
0.000140813
0.000140742
0.000140671
0.0001406
0.000140529
0.000140458
0.000140388
0.000140317
0.000140246
0.000140176
0.000140105
0.000140035
0.000139964
0.000139894
0.000139823
0.000139753
0.000139683
0.000139612
0.000139542
0.000139472
0.000139401
0.000139331
0.000139261
0.000139191
0.000139121
0.000139051
0.000138981
0.000138911
0.000138841
0.000138771
0.000138701
0.000138631
0.000138562
0.000138492
0.000138422
0.000138352
0.000138283
0.000138213
0.000138144
0.000138074
0.000138004
0.000137935
0.000137866
0.000137796
0.000137727
0.000137657
0.000137588
0.000137519
0.00013745
0.00013738
0.000137311
0.000137242
0.000137173
0.000137104
0.000137035
0.000136966
0.000136897
0.000136828
0.000136759
0.00013669
0.000136622
0.000136553
0.000136484
0.000136415
0.000136347
0.000136278
0.000136209
0.000136141
0.000136072
0.000136004
0.000135935
0.000135867
0.000135798
0.00013573
0.000135662
0.000135593
0.000135525
0.000135457
0.000135389
0.000135321
0.000135252
0.000135184
0.000135116
0.000135048
0.00013498
0.000134912
0.000134844
0.000134776
0.000134709
0.000134641
0.000134573
0.000134505
0.000134438
0.00013437
0.000134302
0.000134235
0.000134167
0.000134099
0.000134032
0.000133964
0.000133897
0.00013383
0.000133762
0.000133695
0.000133628
0.00013356
0.000133493
0.000133426
0.000133359
0.000133292
0.000133224
0.000133157
0.00013309
0.000133023
0.000132956
0.000132889
0.000132822
0.000132756
0.000132689
0.000132622
0.000132555
0.000132488
0.000132422
0.000132355
0.000132288
0.000132222
0.000132155
0.000132089
0.000132022
0.000131956
0.000131889
0.000131823
0.000131757
0.00013169
0.000131624
0.000131558
0.000131491
0.000131425
0.000131359
0.000131293
0.000131227
0.000131161
0.000131095
0.000131029
0.000130963
0.000130897
0.000130831
0.000130765
0.000130699
0.000130633
0.000130568
0.000130502
0.000130436
0.000130371
0.000130305
0.000130239
0.000130174
0.000130108
0.000130043
0.000129977
0.000129912
0.000129846
0.000129781
0.000129716
0.00012965
0.000129585
0.00012952
0.000129455
0.00012939
0.000129324
0.000129259
0.000129194
0.000129129
0.000129064
0.000128999
0.000128934
0.000128869
0.000128804
0.00012874
0.000128675
0.00012861
0.000128545
0.00012848
0.000128416
0.000128351
0.000128287
0.000128222
0.000128157
0.000128093
0.000128028
0.000127964
0.0001279
0.000127835
0.000127771
0.000127706
0.000127642
0.000127578
0.000127514
0.000127449
0.000127385
0.000127321
0.000127257
0.000127193
0.000127129
0.000127065
0.000127001
0.000126937
0.000126873
0.000126809
0.000126745
0.000126682
0.000126618
0.000126554
0.00012649
0.000126427
0.000126363
0.000126299
0.000126236
0.000126172
0.000126109
0.000126045
0.000125982
0.000125918
0.000125855
0.000125792
0.000125728
0.000125665
0.000125602
0.000125538
0.000125475
0.000125412
0.000125349
0.000125286
0.000125223
0.00012516
0.000125097
0.000125034
0.000124971
0.000124908
0.000124845
0.000124782
0.000124719
0.000124657
0.000124594
0.000124531
0.000124468
0.000124406
0.000124343
0.00012428
0.000124218
0.000124155
0.000124093
0.00012403
0.000123968
0.000123905
0.000123843
0.000123781
0.000123718
0.000123656
0.000123594
0.000123532
0.000123469
0.000123407
0.000123345
0.000123283
0.000123221
0.000123159
0.000123097
0.000123035
0.000122973
0.000122911
0.000122849
0.000122787
0.000122726
0.000122664
0.000122602
0.00012254
0.000122479
0.000122417
0.000122355
0.000122294
0.000122232
0.000122171
0.000122109
0.000122048
0.000121986
0.000121925
0.000121863
0.000121802
0.000121741
0.000121679
0.000121618
0.000121557
0.000121496
0.000121435
0.000121373
0.000121312
0.000121251
0.00012119
0.000121129
0.000121068
0.000121007
0.000120946
0.000120885
0.000120825
0.000120764
0.000120703
0.000120642
0.000120581
0.000120521
0.00012046
0.000120399
0.000120339
0.000120278
0.000120218
0.000120157
0.000120097
0.000120036
0.000119976
0.000119915
0.000119855
0.000119795
0.000119734
0.000119674
0.000119614
0.000119554
0.000119493
0.000119433
0.000119373
0.000119313
0.000119253
0.000119193
0.000119133
0.000119073
0.000119013
0.000118953
0.000118893
0.000118833
0.000118773
0.000118714
0.000118654
0.000118594
0.000118534
0.000118475
0.000118415
0.000118355
0.000118296
0.000118236
0.000118177
0.000118117
0.000118058
0.000117998
0.000117939
0.00011788
0.00011782
0.000117761
0.000117702
0.000117642
0.000117583
0.000117524
0.000117465
0.000117406
0.000117347
0.000117288
0.000117228
0.000117169
0.00011711
0.000117051
0.000116993
0.000116934
0.000116875
0.000116816
0.000116757
0.000116698
0.00011664
0.000116581
0.000116522
0.000116464
0.000116405
0.000116346
0.000116288
0.000116229
0.000116171
0.000116112
0.000116054
0.000115995
0.000115937
0.000115879
0.00011582
0.000115762
0.000115704
0.000115645
0.000115587
0.000115529
0.000115471
0.000115413
0.000115355
0.000115296
0.000115238
0.00011518
0.000115122
0.000115064
0.000115006
0.000114949
0.000114891
0.000114833
0.000114775
0.000114717
0.00011466
0.000114602
0.000114544
0.000114486
0.000114429
0.000114371
0.000114314
0.000114256
0.000114199
0.000114141
0.000114084
0.000114026
0.000113969
0.000113911
0.000113854
0.000113797
0.000113739
0.000113682
0.000113625
0.000113568
0.00011351
0.000113453
0.000113396
0.000113339
0.000113282
0.000113225
0.000113168
0.000113111
0.000113054
0.000112997
0.00011294
0.000112883
0.000112827
0.00011277
0.000112713
0.000112656
0.0001126
0.000112543
0.000112486
0.00011243
0.000112373
0.000112316
0.00011226
0.000112203
0.000112147
0.00011209
0.000112034
0.000111978
0.000111921
0.000111865
0.000111809
0.000111752
0.000111696
0.00011164
0.000111584
0.000111527
0.000111471
0.000111415
0.000111359
0.000111303
0.000111247
0.000111191
0.000111135
0.000111079
0.000111023
0.000110967
0.000110911
0.000110855
0.0001108
0.000110744
0.000110688
0.000110632
0.000110577
0.000110521
0.000110465
0.00011041
0.000110354
0.000110299
0.000110243
0.000110188
0.000110132
0.000110077
0.000110021
0.000109966
0.00010991
0.000109855
0.0001098
0.000109745
0.000109689
0.000109634
0.000109579
0.000109524
0.000109469
0.000109413
0.000109358
0.000109303
0.000109248
0.000109193
0.000109138
0.000109083
0.000109028
0.000108974
0.000108919
0.000108864
0.000108809
0.000108754
0.000108699
0.000108645
0.00010859
0.000108535
0.000108481
0.000108426
0.000108372
0.000108317
0.000108262
0.000108208
0.000108153
0.000108099
0.000108045
0.00010799
0.000107936
0.000107881
0.000107827
0.000107773
0.000107719
0.000107664
0.00010761
0.000107556
0.000107502
0.000107448
0.000107394
0.00010734
0.000107286
0.000107232
0.000107178
0.000107124
0.00010707
0.000107016
0.000106962
0.000106908
0.000106854
0.0001068
0.000106747
0.000106693
0.000106639
0.000106585
0.000106532
0.000106478
0.000106425
0.000106371
0.000106317
0.000106264
0.00010621
0.000106157
0.000106103
0.00010605
0.000105997
0.000105943
0.00010589
0.000105837
0.000105783
0.00010573
0.000105677
0.000105624
0.000105571
0.000105517
0.000105464
0.000105411
0.000105358
0.000105305
0.000105252
0.000105199
0.000105146
0.000105093
0.00010504
0.000104987
0.000104934
0.000104882
0.000104829
0.000104776
0.000104723
0.000104671
0.000104618
0.000104565
0.000104513
0.00010446
0.000104407
0.000104355
0.000104302
0.00010425
0.000104197
0.000104145
0.000104092
0.00010404
0.000103988
0.000103935
0.000103883
0.000103831
0.000103778
0.000103726
0.000103674
0.000103622
0.00010357
0.000103517
0.000103465
0.000103413
0.000103361
0.000103309
0.000103257
0.000103205
0.000103153
0.000103101
0.000103049
0.000102997
0.000102946
0.000102894
0.000102842
0.00010279
0.000102738
0.000102687
0.000102635
0.000102583
0.000102532
0.00010248
0.000102428
0.000102377
0.000102325
0.000102274
0.000102222
0.000102171
0.000102119
0.000102068
0.000102017
0.000101965
0.000101914
0.000101863
0.000101811
0.00010176
0.000101709
0.000101658
0.000101606
0.000101555
0.000101504
0.000101453
0.000101402
0.000101351
0.0001013
0.000101249
0.000101198
0.000101147
0.000101096
0.000101045
0.000100994
0.000100943
0.000100893
0.000100842
0.000100791
0.00010074
0.00010069
0.000100639
0.000100588
0.000100538
0.000100487
0.000100436
0.000100386
0.000100335
0.000100285
0.000100234
0.000100184
0.000100133
0.000100083
0.000100033
9.99822e-05
