0.100698
0.0860171
0.0720149
0.0627998
0.0578192
0.0550043
0.0476768
0.0433459
0.0398808
0.0370201
0.0346064
0.0325359
0.0307361
0.0291542
0.027751
0.0264963
0.0253666
0.0243432
0.0234112
0.0225582
0.0217741
0.0210506
0.0203806
0.019758
0.0191779
0.0186358
0.0181279
0.0176509
0.0172021
0.0167788
0.0163788
0.0160002
0.0156413
0.0153004
0.0149763
0.0146675
0.0143731
0.014092
0.0138232
0.013566
0.0133196
0.0130833
0.0128564
0.0126384
0.0124287
0.0122269
0.0120325
0.0118451
0.0116643
0.0114897
0.011321
0.0111579
0.0110001
0.0108474
0.0106995
0.0105561
0.0104171
0.0102823
0.0101514
0.0100242
0.00990071
0.00978064
0.00966387
0.00955027
0.0094397
0.00933203
0.00922714
0.00912494
0.0090253
0.00892814
0.00883335
0.00874085
0.00865055
0.00856236
0.00847623
0.00839206
0.00830979
0.00822936
0.0081507
0.00807374
0.00799845
0.00792475
0.00785259
0.00778193
0.00771272
0.00764491
0.00757846
0.00751332
0.00744946
0.00738684
0.00732541
0.00726515
0.00720602
0.00714799
0.00709102
0.00703508
0.00698016
0.00692621
0.00687321
0.00682114
0.00676997
0.00671967
0.00667022
0.00662161
0.00657381
0.00652679
0.00648054
0.00643504
0.00639026
0.0063462
0.00630283
0.00626014
0.00621811
0.00617673
0.00613597
0.00609583
0.00605629
0.00601733
0.00597894
0.00594112
0.00590384
0.0058671
0.00583088
0.00579517
0.00575996
0.00572523
0.00569099
0.00565722
0.0056239
0.00559103
0.0055586
0.0055266
0.00549502
0.00546385
0.00543309
0.00540272
0.00537275
0.00534315
0.00531392
0.00528506
0.00525656
0.00522841
0.0052006
0.00517313
0.00514599
0.00511918
0.00509269
0.00506651
0.00504064
0.00501507
0.00498979
0.00496481
0.00494011
0.0049157
0.00489155
0.00486768
0.00484408
0.00482074
0.00479765
0.00477482
0.00475223
0.00472989
0.00470778
0.00468592
0.00466428
0.00464288
0.00462169
0.00460073
0.00457998
0.00455945
0.00453913
0.00451901
0.0044991
0.00447939
0.00445987
0.00444055
0.00442142
0.00440247
0.00438371
0.00436514
0.00434674
0.00432852
0.00431047
0.00429259
0.00427489
0.00425734
0.00423997
0.00422275
0.00420569
0.00418879
0.00417204
0.00415545
0.00413901
0.00412271
0.00410656
0.00409055
0.00407468
0.00405896
0.00404337
0.00402792
0.0040126
0.00399741
0.00398235
0.00396742
0.00395262
0.00393795
0.00392339
0.00390896
0.00389465
0.00388046
0.00386638
0.00385242
0.00383857
0.00382484
0.00381122
0.0037977
0.0037843
0.003771
0.00375781
0.00374472
0.00373173
0.00371885
0.00370606
0.00369338
0.00368079
0.0036683
0.0036559
0.0036436
0.00363139
0.00361927
0.00360725
0.00359531
0.00358346
0.0035717
0.00356003
0.00354844
0.00353694
0.00352552
0.00351418
0.00350293
0.00349175
0.00348066
0.00346964
0.0034587
0.00344784
0.00343706
0.00342635
0.00341571
0.00340515
0.00339466
0.00338425
0.0033739
0.00336363
0.00335342
0.00334329
0.00333322
0.00332322
0.00331328
0.00330342
0.00329361
0.00328387
0.0032742
0.00326459
0.00325504
0.00324555
0.00323613
0.00322676
0.00321746
0.00320821
0.00319903
0.0031899
0.00318083
0.00317181
0.00316285
0.00315395
0.0031451
0.00313631
0.00312757
0.00311889
0.00311026
0.00310168
0.00309315
0.00308468
0.00307625
0.00306788
0.00305955
0.00305128
0.00304305
0.00303488
0.00302675
0.00301866
0.00301063
0.00300264
0.0029947
0.00298681
0.00297896
0.00297115
0.00296339
0.00295567
0.002948
0.00294037
0.00293278
0.00292524
0.00291774
0.00291028
0.00290286
0.00289548
0.00288814
0.00288085
0.00287359
0.00286637
0.00285919
0.00285205
0.00284495
0.00283789
0.00283086
0.00282387
0.00281692
0.00281001
0.00280313
0.00279629
0.00278948
0.00278271
0.00277598
0.00276928
0.00276261
0.00275598
0.00274939
0.00274282
0.00273629
0.0027298
0.00272333
0.0027169
0.0027105
0.00270414
0.0026978
0.0026915
0.00268523
0.00267898
0.00267277
0.00266659
0.00266045
0.00265433
0.00264824
0.00264218
0.00263615
0.00263014
0.00262417
0.00261823
0.00261231
0.00260642
0.00260056
0.00259473
0.00258893
0.00258315
0.0025774
0.00257167
0.00256598
0.00256031
0.00255466
0.00254905
0.00254345
0.00253789
0.00253234
0.00252683
0.00252134
0.00251587
0.00251043
0.00250501
0.00249962
0.00249425
0.00248891
0.00248358
0.00247829
0.00247301
0.00246776
0.00246253
0.00245733
0.00245215
0.00244699
0.00244185
0.00243673
0.00243164
0.00242657
0.00242152
0.00241649
0.00241149
0.0024065
0.00240154
0.00239659
0.00239167
0.00238677
0.00238189
0.00237703
0.00237219
0.00236736
0.00236256
0.00235778
0.00235302
0.00234828
0.00234356
0.00233885
0.00233417
0.00232951
0.00232486
0.00232023
0.00231562
0.00231103
0.00230646
0.00230191
0.00229737
0.00229285
0.00228835
0.00228387
0.00227941
0.00227496
0.00227053
0.00226612
0.00226172
0.00225735
0.00225299
0.00224864
0.00224431
0.00224
0.00223571
0.00223143
0.00222717
0.00222292
0.00221869
0.00221448
0.00221028
0.0022061
0.00220193
0.00219778
0.00219365
0.00218953
0.00218542
0.00218133
0.00217726
0.0021732
0.00216915
0.00216512
0.00216111
0.00215711
0.00215312
0.00214915
0.00214519
0.00214125
0.00213732
0.00213341
0.0021295
0.00212562
0.00212174
0.00211788
0.00211404
0.00211021
0.00210639
0.00210258
0.00209879
0.00209501
0.00209125
0.00208749
0.00208375
0.00208003
0.00207631
0.00207261
0.00206892
0.00206525
0.00206158
0.00205793
0.00205429
0.00205067
0.00204705
0.00204345
0.00203986
0.00203629
0.00203272
0.00202917
0.00202562
0.00202209
0.00201858
0.00201507
0.00201157
0.00200809
0.00200462
0.00200116
0.00199771
0.00199427
0.00199084
0.00198743
0.00198402
0.00198063
0.00197724
0.00197387
0.00197051
0.00196716
0.00196382
0.00196049
0.00195717
0.00195386
0.00195057
0.00194728
0.001944
0.00194074
0.00193748
0.00193423
0.001931
0.00192777
0.00192455
0.00192135
0.00191815
0.00191496
0.00191179
0.00190862
0.00190546
0.00190232
0.00189918
0.00189605
0.00189293
0.00188982
0.00188672
0.00188363
0.00188055
0.00187748
0.00187441
0.00187136
0.00186832
0.00186528
0.00186225
0.00185924
0.00185623
0.00185323
0.00185024
0.00184725
0.00184428
0.00184131
0.00183836
0.00183541
0.00183247
0.00182954
0.00182662
0.0018237
0.0018208
0.0018179
0.00181501
0.00181213
0.00180926
0.0018064
0.00180354
0.00180069
0.00179785
0.00179502
0.0017922
0.00178938
0.00178657
0.00178377
0.00178098
0.0017782
0.00177542
0.00177265
0.00176989
0.00176714
0.00176439
0.00176165
0.00175892
0.0017562
0.00175348
0.00175077
0.00174807
0.00174538
0.00174269
0.00174001
0.00173734
0.00173468
0.00173202
0.00172937
0.00172673
0.00172409
0.00172146
0.00171884
0.00171622
0.00171362
0.00171101
0.00170842
0.00170583
0.00170325
0.00170068
0.00169811
0.00169555
0.001693
0.00169045
0.00168791
0.00168538
0.00168285
0.00168033
0.00167781
0.00167531
0.0016728
0.00167031
0.00166782
0.00166534
0.00166286
0.00166039
0.00165793
0.00165547
0.00165302
0.00165058
0.00164814
0.00164571
0.00164328
0.00164086
0.00163845
0.00163604
0.00163364
0.00163125
0.00162886
0.00162647
0.00162409
0.00162172
0.00161936
0.001617
0.00161464
0.00161229
0.00160995
0.00160761
0.00160528
0.00160296
0.00160064
0.00159832
0.00159601
0.00159371
0.00159141
0.00158912
0.00158684
0.00158455
0.00158228
0.00158001
0.00157774
0.00157549
0.00157323
0.00157098
0.00156874
0.0015665
0.00156427
0.00156204
0.00155982
0.0015576
0.00155539
0.00155319
0.00155099
0.00154879
0.0015466
0.00154441
0.00154223
0.00154006
0.00153789
0.00153572
0.00153356
0.00153141
0.00152926
0.00152711
0.00152497
0.00152283
0.0015207
0.00151858
0.00151646
0.00151434
0.00151223
0.00151012
0.00150802
0.00150592
0.00150383
0.00150174
0.00149966
0.00149758
0.00149551
0.00149344
0.00149138
0.00148932
0.00148726
0.00148521
0.00148316
0.00148112
0.00147909
0.00147705
0.00147503
0.001473
0.00147098
0.00146897
0.00146696
0.00146495
0.00146295
0.00146096
0.00145896
0.00145698
0.00145499
0.00145301
0.00145104
0.00144907
0.0014471
0.00144514
0.00144318
0.00144122
0.00143927
0.00143733
0.00143539
0.00143345
0.00143152
0.00142959
0.00142766
0.00142574
0.00142383
0.00142191
0.00142
0.0014181
0.0014162
0.0014143
0.00141241
0.00141052
0.00140864
0.00140676
0.00140488
0.00140301
0.00140114
0.00139927
0.00139741
0.00139555
0.0013937
0.00139185
0.00139
0.00138816
0.00138632
0.00138449
0.00138266
0.00138083
0.00137901
0.00137719
0.00137537
0.00137356
0.00137175
0.00136995
0.00136815
0.00136635
0.00136456
0.00136277
0.00136098
0.0013592
0.00135742
0.00135564
0.00135387
0.0013521
0.00135034
0.00134857
0.00134682
0.00134506
0.00134331
0.00134156
0.00133982
0.00133808
0.00133634
0.00133461
0.00133288
0.00133115
0.00132943
0.00132771
0.00132599
0.00132428
0.00132257
0.00132086
0.00131916
0.00131746
0.00131576
0.00131406
0.00131237
0.00131069
0.001309
0.00130732
0.00130565
0.00130397
0.0013023
0.00130063
0.00129897
0.00129731
0.00129565
0.001294
0.00129235
0.0012907
0.00128905
0.00128741
0.00128577
0.00128413
0.0012825
0.00128087
0.00127925
0.00127762
0.001276
0.00127438
0.00127277
0.00127116
0.00126955
0.00126794
0.00126634
0.00126474
0.00126315
0.00126155
0.00125996
0.00125838
0.00125679
0.00125521
0.00125363
0.00125205
0.00125048
0.00124891
0.00124734
0.00124578
0.00124422
0.00124266
0.00124111
0.00123955
0.001238
0.00123646
0.00123491
0.00123337
0.00123183
0.0012303
0.00122876
0.00122723
0.00122571
0.00122418
0.00122266
0.00122114
0.00121962
0.00121811
0.0012166
0.00121509
0.00121359
0.00121208
0.00121058
0.00120908
0.00120759
0.0012061
0.00120461
0.00120312
0.00120164
0.00120016
0.00119868
0.0011972
0.00119573
0.00119426
0.00119279
0.00119132
0.00118986
0.0011884
0.00118694
0.00118548
0.00118403
0.00118258
0.00118113
0.00117969
0.00117824
0.0011768
0.00117536
0.00117393
0.0011725
0.00117107
0.00116964
0.00116821
0.00116679
0.00116537
0.00116395
0.00116253
0.00116112
0.00115971
0.0011583
0.0011569
0.00115549
0.00115409
0.00115269
0.0011513
0.0011499
0.00114851
0.00114712
0.00114573
0.00114435
0.00114297
0.00114159
0.00114021
0.00113883
0.00113746
0.00113609
0.00113472
0.00113336
0.00113199
0.00113063
0.00112927
0.00112792
0.00112656
0.00112521
0.00112386
0.00112251
0.00112117
0.00111982
0.00111848
0.00111714
0.00111581
0.00111447
0.00111314
0.00111181
0.00111048
0.00110915
0.00110783
0.00110651
0.00110519
0.00110387
0.00110256
0.00110125
0.00109994
0.00109863
0.00109732
0.00109602
0.00109472
0.00109342
0.00109212
0.00109082
0.00108953
0.00108824
0.00108695
0.00108566
0.00108438
0.00108309
0.00108181
0.00108053
0.00107926
0.00107798
0.00107671
0.00107544
0.00107417
0.0010729
0.00107164
0.00107038
0.00106912
0.00106786
0.0010666
0.00106535
0.00106409
0.00106284
0.00106159
0.00106035
0.0010591
0.00105786
0.00105662
0.00105538
0.00105414
0.00105291
0.00105168
0.00105045
0.00104922
0.00104799
0.00104677
0.00104554
0.00104432
0.0010431
0.00104188
0.00104067
0.00103945
0.00103824
0.00103703
0.00103583
0.00103462
0.00103341
0.00103221
0.00103101
0.00102981
0.00102862
0.00102742
0.00102623
0.00102504
0.00102385
0.00102266
0.00102147
0.00102029
0.00101911
0.00101793
0.00101675
0.00101557
0.0010144
0.00101323
0.00101205
0.00101088
0.00100972
0.00100855
0.00100739
0.00100622
0.00100506
0.00100391
0.00100275
0.00100159
0.00100044
0.000999288
0.000998138
0.000996989
0.000995843
0.000994698
0.000993554
0.000992413
0.000991273
0.000990135
0.000988999
0.000987864
0.000986731
0.0009856
0.000984471
0.000983343
0.000982217
0.000981092
0.000979969
0.000978848
0.000977729
0.000976611
0.000975495
0.000974381
0.000973268
0.000972157
0.000971047
0.000969939
0.000968833
0.000967728
0.000966625
0.000965524
0.000964424
0.000963326
0.000962229
0.000961135
0.000960041
0.00095895
0.00095786
0.000956771
0.000955684
0.000954599
0.000953515
0.000952433
0.000951352
0.000950273
0.000949196
0.00094812
0.000947046
0.000945973
0.000944902
0.000943832
0.000942764
0.000941698
0.000940633
0.000939569
0.000938507
0.000937447
0.000936388
0.000935331
0.000934275
0.00093322
0.000932168
0.000931116
0.000930067
0.000929018
0.000927972
0.000926926
0.000925883
0.00092484
0.000923799
0.00092276
0.000921722
0.000920686
0.000919651
0.000918618
0.000917586
0.000916555
0.000915526
0.000914499
0.000913473
0.000912448
0.000911425
0.000910403
0.000909383
0.000908364
0.000907346
0.00090633
0.000905316
0.000904303
0.000903291
0.000902281
0.000901272
0.000900264
0.000899258
0.000898253
0.00089725
0.000896248
0.000895248
0.000894249
0.000893251
0.000892255
0.00089126
0.000890266
0.000889274
0.000888284
0.000887294
0.000886306
0.00088532
0.000884334
0.00088335
0.000882368
0.000881387
0.000880407
0.000879428
0.000878451
0.000877476
0.000876501
0.000875528
0.000874556
0.000873586
0.000872617
0.000871649
0.000870683
0.000869717
0.000868754
0.000867791
0.00086683
0.00086587
0.000864912
0.000863954
0.000862999
0.000862044
0.000861091
0.000860139
0.000859188
0.000858238
0.00085729
0.000856343
0.000855398
0.000854454
0.000853511
0.000852569
0.000851628
0.000850689
0.000849751
0.000848815
0.000847879
0.000846945
0.000846012
0.000845081
0.00084415
0.000843221
0.000842293
0.000841367
0.000840441
0.000839517
0.000838594
0.000837672
0.000836752
0.000835833
0.000834915
0.000833998
0.000833082
0.000832168
0.000831255
0.000830343
0.000829432
0.000828523
0.000827615
0.000826708
0.000825802
0.000824897
0.000823994
0.000823091
0.00082219
0.00082129
0.000820392
0.000819494
0.000818598
0.000817703
0.000816809
0.000815916
0.000815024
0.000814134
0.000813245
0.000812357
0.00081147
0.000810584
0.000809699
0.000808816
0.000807934
0.000807053
0.000806173
0.000805294
0.000804416
0.00080354
0.000802664
0.00080179
0.000800917
0.000800045
0.000799174
0.000798304
0.000797436
0.000796568
0.000795702
0.000794837
0.000793973
0.00079311
0.000792248
0.000791387
0.000790528
0.000789669
0.000788812
0.000787955
0.0007871
0.000786246
0.000785393
0.000784541
0.000783691
0.000782841
0.000781992
0.000781145
0.000780298
0.000779453
0.000778609
0.000777766
0.000776924
0.000776083
0.000775243
0.000774404
0.000773566
0.000772729
0.000771894
0.000771059
0.000770226
0.000769393
0.000768562
0.000767731
0.000766902
0.000766074
0.000765247
0.000764421
0.000763595
0.000762771
0.000761948
0.000761127
0.000760306
0.000759486
0.000758667
0.000757849
0.000757032
0.000756217
0.000755402
0.000754588
0.000753776
0.000752964
0.000752154
0.000751344
0.000750535
0.000749728
0.000748921
0.000748116
0.000747311
0.000746508
0.000745705
0.000744904
0.000744103
0.000743304
0.000742505
0.000741708
0.000740912
0.000740116
0.000739322
0.000738528
0.000737736
0.000736944
0.000736153
0.000735364
0.000734575
0.000733788
0.000733001
0.000732216
0.000731431
0.000730647
0.000729865
0.000729083
0.000728302
0.000727522
0.000726743
0.000725966
0.000725189
0.000724413
0.000723638
0.000722864
0.000722091
0.000721318
0.000720547
0.000719777
0.000719008
0.000718239
0.000717472
0.000716706
0.00071594
0.000715176
0.000714412
0.000713649
0.000712888
0.000712127
0.000711367
0.000710608
0.00070985
0.000709093
0.000708337
0.000707581
0.000706827
0.000706074
0.000705321
0.00070457
0.000703819
0.000703069
0.00070232
0.000701573
0.000700826
0.00070008
0.000699334
0.00069859
0.000697847
0.000697104
0.000696363
0.000695622
0.000694882
0.000694143
0.000693405
0.000692668
0.000691932
0.000691197
0.000690462
0.000689729
0.000688996
0.000688265
0.000687534
0.000686804
0.000686075
0.000685346
0.000684619
0.000683893
0.000683167
0.000682442
0.000681718
0.000680995
0.000680273
0.000679552
0.000678832
0.000678112
0.000677394
0.000676676
0.000675959
0.000675243
0.000674528
0.000673813
0.0006731
0.000672387
0.000671675
0.000670964
0.000670254
0.000669545
0.000668837
0.000668129
0.000667422
0.000666716
0.000666011
0.000665307
0.000664604
0.000663901
0.0006632
0.000662499
0.000661799
0.0006611
0.000660401
0.000659704
0.000659007
0.000658311
0.000657616
0.000656922
0.000656228
0.000655536
0.000654844
0.000654153
0.000653463
0.000652774
0.000652085
0.000651397
0.000650711
0.000650024
0.000649339
0.000648655
0.000647971
0.000647288
0.000646606
0.000645925
0.000645245
0.000644565
0.000643886
0.000643208
0.000642531
0.000641854
0.000641179
0.000640504
0.00063983
0.000639156
0.000638484
0.000637812
0.000637141
0.000636471
0.000635802
0.000635133
0.000634465
0.000633798
0.000633132
0.000632467
0.000631802
0.000631138
0.000630475
0.000629813
0.000629151
0.00062849
0.00062783
0.000627171
0.000626513
0.000625855
0.000625198
0.000624542
0.000623886
0.000623232
0.000622578
0.000621924
0.000621272
0.00062062
0.000619969
0.000619319
0.00061867
0.000618021
0.000617373
0.000616726
0.00061608
0.000615434
0.000614789
0.000614145
0.000613502
0.000612859
0.000612217
0.000611576
0.000610936
0.000610296
0.000609657
0.000609019
0.000608381
0.000607744
0.000607108
0.000606473
0.000605838
0.000605205
0.000604572
0.000603939
0.000603307
0.000602677
0.000602046
0.000601417
0.000600788
0.00060016
0.000599533
0.000598906
0.00059828
0.000597655
0.000597031
0.000596407
0.000595784
0.000595162
0.00059454
0.000593919
0.000593299
0.000592679
0.000592061
0.000591443
0.000590825
0.000590209
0.000589593
0.000588977
0.000588363
0.000587749
0.000587136
0.000586523
0.000585912
0.000585301
0.00058469
0.00058408
0.000583471
0.000582863
0.000582256
0.000581649
0.000581042
0.000580437
0.000579832
0.000579228
0.000578624
0.000578022
0.00057742
0.000576818
0.000576217
0.000575617
0.000575018
0.000574419
0.000573821
0.000573224
0.000572627
0.000572031
0.000571436
0.000570841
0.000570247
0.000569654
0.000569061
0.000568469
0.000567878
0.000567287
0.000566697
0.000566108
0.000565519
0.000564931
0.000564344
0.000563757
0.000563171
0.000562586
0.000562001
0.000561417
0.000560834
0.000560251
0.000559669
0.000559088
0.000558507
0.000557927
0.000557347
0.000556768
0.00055619
0.000555613
0.000555036
0.00055446
0.000553884
0.000553309
0.000552735
0.000552161
0.000551588
0.000551016
0.000550444
0.000549873
0.000549302
0.000548733
0.000548163
0.000547595
0.000547027
0.00054646
0.000545893
0.000545327
0.000544762
0.000544197
0.000543633
0.000543069
0.000542506
0.000541944
0.000541382
0.000540821
0.000540261
0.000539701
0.000539142
0.000538584
0.000538026
0.000537468
0.000536912
0.000536356
0.0005358
0.000535246
0.000534691
0.000534138
0.000533585
0.000533033
0.000532481
0.00053193
0.000531379
0.000530829
0.00053028
0.000529731
0.000529183
0.000528636
0.000528089
0.000527543
0.000526997
0.000526452
0.000525907
0.000525364
0.00052482
0.000524278
0.000523736
0.000523194
0.000522653
0.000522113
0.000521573
0.000521034
0.000520496
0.000519958
0.000519421
0.000518884
0.000518348
0.000517812
0.000517277
0.000516743
0.000516209
0.000515676
0.000515143
0.000514611
0.00051408
0.000513549
0.000513019
0.000512489
0.00051196
0.000511432
0.000510904
0.000510376
0.00050985
0.000509323
0.000508798
0.000508273
0.000507748
0.000507224
0.000506701
0.000506178
0.000505656
0.000505135
0.000504614
0.000504093
0.000503573
0.000503054
0.000502535
0.000502017
0.000501499
0.000500982
0.000500466
0.00049995
0.000499435
0.00049892
0.000498405
0.000497892
0.000497379
0.000496866
0.000496354
0.000495843
0.000495332
0.000494821
0.000494312
0.000493802
0.000493294
0.000492786
0.000492278
0.000491771
0.000491265
0.000490759
0.000490253
0.000489749
0.000489244
0.000488741
0.000488238
0.000487735
0.000487233
0.000486731
0.00048623
0.00048573
0.00048523
0.000484731
0.000484232
0.000483734
0.000483236
0.000482739
0.000482242
0.000481746
0.00048125
0.000480755
0.000480261
0.000479767
0.000479273
0.000478781
0.000478288
0.000477796
0.000477305
0.000476814
0.000476324
0.000475834
0.000475345
0.000474857
0.000474368
0.000473881
0.000473394
0.000472907
0.000472421
0.000471936
0.000471451
0.000470966
0.000470482
0.000469999
0.000469516
0.000469034
0.000468552
0.000468071
0.00046759
0.00046711
0.00046663
0.000466151
0.000465672
0.000465194
0.000464716
0.000464239
0.000463762
0.000463286
0.00046281
0.000462335
0.00046186
0.000461386
0.000460913
0.00046044
0.000459967
0.000459495
0.000459023
0.000458552
0.000458082
0.000457612
0.000457142
0.000456673
0.000456205
0.000455737
0.000455269
0.000454802
0.000454335
0.000453869
0.000453404
0.000452939
0.000452474
0.00045201
0.000451547
0.000451084
0.000450621
0.000450159
0.000449697
0.000449236
0.000448776
0.000448316
0.000447856
0.000447397
0.000446938
0.00044648
0.000446023
0.000445566
0.000445109
0.000444653
0.000444197
0.000443742
0.000443287
0.000442833
0.000442379
0.000441926
0.000441473
0.000441021
0.000440569
0.000440118
0.000439667
0.000439217
0.000438767
0.000438317
0.000437868
0.00043742
0.000436972
0.000436525
0.000436078
0.000435631
0.000435185
0.000434739
0.000434294
0.00043385
0.000433405
0.000432962
0.000432519
0.000432076
0.000431634
0.000431192
0.00043075
0.00043031
0.000429869
0.000429429
0.00042899
0.000428551
0.000428112
0.000427674
0.000427237
0.000426799
0.000426363
0.000425927
0.000425491
0.000425056
0.000424621
0.000424186
0.000423753
0.000423319
0.000422886
0.000422454
0.000422022
0.00042159
0.000421159
0.000420728
0.000420298
0.000419868
0.000419439
0.00041901
0.000418582
0.000418154
0.000417726
0.000417299
0.000416872
0.000416446
0.000416021
0.000415595
0.000415171
0.000414746
0.000414322
0.000413899
0.000413476
0.000413053
0.000412631
0.00041221
0.000411788
0.000411368
0.000410947
0.000410527
0.000410108
0.000409689
0.00040927
0.000408852
0.000408435
0.000408017
0.000407601
0.000407184
0.000406768
0.000406353
0.000405938
0.000405523
0.000405109
0.000404695
0.000404282
0.000403869
0.000403457
0.000403045
0.000402633
0.000402222
0.000401812
0.000401401
0.000400992
0.000400582
0.000400173
0.000399765
0.000399357
0.000398949
0.000398542
0.000398135
0.000397729
0.000397323
0.000396917
0.000396512
0.000396107
0.000395703
0.000395299
0.000394896
0.000394493
0.00039409
0.000393688
0.000393287
0.000392885
0.000392485
0.000392084
0.000391684
0.000391285
0.000390885
0.000390487
0.000390088
0.00038969
0.000389293
0.000388896
0.000388499
0.000388103
0.000387707
0.000387312
0.000386917
0.000386522
0.000386128
0.000385734
0.000385341
0.000384948
0.000384555
0.000384163
0.000383772
0.00038338
0.000382989
0.000382599
0.000382209
0.000381819
0.00038143
0.000381041
0.000380653
0.000380265
0.000379877
0.00037949
0.000379103
0.000378717
0.000378331
0.000377945
0.00037756
0.000377175
0.000376791
0.000376407
0.000376023
0.00037564
0.000375257
0.000374875
0.000374493
0.000374111
0.00037373
0.000373349
0.000372969
0.000372589
0.000372209
0.00037183
0.000371451
0.000371073
0.000370695
0.000370317
0.00036994
0.000369563
0.000369187
0.000368811
0.000368435
0.00036806
0.000367685
0.000367311
0.000366937
0.000366563
0.00036619
0.000365817
0.000365444
0.000365072
0.0003647
0.000364329
0.000363958
0.000363587
0.000363217
0.000362847
0.000362478
0.000362109
0.00036174
0.000361372
0.000361004
0.000360637
0.000360269
0.000359903
0.000359536
0.00035917
0.000358805
0.00035844
0.000358075
0.00035771
0.000357346
0.000356983
0.000356619
0.000356256
0.000355894
0.000355532
0.00035517
0.000354808
0.000354447
0.000354087
0.000353726
0.000353366
0.000353007
0.000352648
0.000352289
0.00035193
0.000351572
0.000351215
0.000350857
0.0003505
0.000350144
0.000349788
0.000349432
0.000349076
0.000348721
0.000348367
0.000348012
0.000347658
0.000347305
0.000346951
0.000346598
0.000346246
0.000345894
0.000345542
0.000345191
0.000344839
0.000344489
0.000344138
0.000343788
0.000343439
0.00034309
0.000342741
0.000342392
0.000342044
0.000341696
0.000341349
0.000341002
0.000340655
0.000340309
0.000339963
0.000339617
0.000339272
0.000338927
0.000338582
0.000338238
0.000337894
0.000337551
0.000337208
0.000336865
0.000336522
0.00033618
0.000335839
0.000335497
0.000335156
0.000334816
0.000334475
0.000334135
0.000333796
0.000333456
0.000333118
0.000332779
0.000332441
0.000332103
0.000331765
0.000331428
0.000331092
0.000330755
0.000330419
0.000330083
0.000329748
0.000329413
0.000329078
0.000328744
0.00032841
0.000328076
0.000327743
0.00032741
0.000327077
0.000326745
0.000326413
0.000326081
0.00032575
0.000325419
0.000325088
0.000324758
0.000324428
0.000324099
0.000323769
0.000323441
0.000323112
0.000322784
0.000322456
0.000322128
0.000321801
0.000321474
0.000321148
0.000320822
0.000320496
0.00032017
0.000319845
0.00031952
0.000319196
0.000318872
0.000318548
0.000318224
0.000317901
0.000317578
0.000317256
0.000316934
0.000316612
0.00031629
0.000315969
0.000315648
0.000315328
0.000315008
0.000314688
0.000314368
0.000314049
0.00031373
0.000313412
0.000313094
0.000312776
0.000312458
0.000312141
0.000311824
0.000311508
0.000311191
0.000310876
0.00031056
0.000310245
0.00030993
0.000309615
0.000309301
0.000308987
0.000308673
0.00030836
0.000308047
0.000307734
0.000307422
0.00030711
0.000306798
0.000306487
0.000306176
0.000305865
0.000305555
0.000305245
0.000304935
0.000304625
0.000304316
0.000304007
0.000303699
0.000303391
0.000303083
0.000302775
0.000302468
0.000302161
0.000301854
0.000301548
0.000301242
0.000300937
0.000300631
0.000300326
0.000300021
0.000299717
0.000299413
0.000299109
0.000298806
0.000298503
0.0002982
0.000297897
0.000297595
0.000297293
0.000296991
0.00029669
0.000296389
0.000296088
0.000295788
0.000295488
0.000295188
0.000294889
0.00029459
0.000294291
0.000293992
0.000293694
0.000293396
0.000293099
0.000292801
0.000292504
0.000292208
0.000291911
0.000291615
0.00029132
0.000291024
0.000290729
0.000290434
0.00029014
0.000289845
0.000289551
0.000289258
0.000288964
0.000288671
0.000288379
0.000288086
0.000287794
0.000287502
0.000287211
0.000286919
0.000286628
0.000286338
0.000286047
0.000285757
0.000285468
0.000285178
0.000284889
0.0002846
0.000284311
0.000284023
0.000283735
0.000283448
0.00028316
0.000282873
0.000282586
0.0002823
0.000282014
0.000281728
0.000281442
0.000281157
0.000280872
0.000280587
0.000280302
0.000280018
0.000279734
0.000279451
0.000279168
0.000278885
0.000278602
0.000278319
0.000278037
0.000277755
0.000277474
0.000277193
0.000276912
0.000276631
0.000276351
0.00027607
0.000275791
0.000275511
0.000275232
0.000274953
0.000274674
0.000274396
0.000274118
0.00027384
0.000273562
0.000273285
0.000273008
0.000272731
0.000272455
0.000272179
0.000271903
0.000271628
0.000271352
0.000271077
0.000270803
0.000270528
0.000270254
0.00026998
0.000269707
0.000269433
0.00026916
0.000268887
0.000268615
0.000268343
0.000268071
0.000267799
0.000267528
0.000267257
0.000266986
0.000266715
0.000266445
0.000266175
0.000265906
0.000265636
0.000265367
0.000265098
0.000264829
0.000264561
0.000264293
0.000264025
0.000263758
0.000263491
0.000263224
0.000262957
0.000262691
0.000262424
0.000262159
0.000261893
0.000261628
0.000261363
0.000261098
0.000260833
0.000260569
0.000260305
0.000260041
0.000259778
0.000259515
0.000259252
0.000258989
0.000258727
0.000258465
0.000258203
0.000257942
0.00025768
0.000257419
0.000257159
0.000256898
0.000256638
0.000256378
0.000256118
0.000255859
0.0002556
0.000255341
0.000255082
0.000254824
0.000254566
0.000254308
0.00025405
0.000253793
0.000253536
0.000253279
0.000253023
0.000252766
0.00025251
0.000252255
0.000251999
0.000251744
0.000251489
0.000251234
0.00025098
0.000250726
0.000250472
0.000250218
0.000249965
0.000249712
0.000249459
0.000249206
0.000248954
0.000248702
0.00024845
0.000248198
0.000247947
0.000247696
0.000247445
0.000247195
0.000246944
0.000246694
0.000246444
0.000246195
0.000245946
0.000245697
0.000245448
0.000245199
0.000244951
0.000244703
0.000244455
0.000244208
0.00024396
0.000243713
0.000243467
0.00024322
0.000242974
0.000242728
0.000242482
0.000242237
0.000241991
0.000241746
0.000241502
0.000241257
0.000241013
0.000240769
0.000240525
0.000240282
0.000240038
0.000239795
0.000239553
0.00023931
0.000239068
0.000238826
0.000238584
0.000238343
0.000238101
0.00023786
0.000237619
0.000237379
0.000237139
0.000236899
0.000236659
0.000236419
0.00023618
0.000235941
0.000235702
0.000235463
0.000235225
0.000234987
0.000234749
0.000234511
0.000234274
0.000234037
0.0002338
0.000233563
0.000233327
0.000233091
0.000232855
0.000232619
0.000232384
0.000232149
0.000231914
0.000231679
0.000231444
0.00023121
0.000230976
0.000230742
0.000230509
0.000230275
0.000230042
0.00022981
0.000229577
0.000229345
0.000229113
0.000228881
0.000228649
0.000228418
0.000228186
0.000227956
0.000227725
0.000227494
0.000227264
0.000227034
0.000226804
0.000226575
0.000226346
0.000226117
0.000225888
0.000225659
0.000225431
0.000225203
0.000224975
0.000224747
0.00022452
0.000224292
0.000224065
0.000223839
0.000223612
0.000223386
0.00022316
0.000222934
0.000222708
0.000222483
0.000222258
0.000222033
0.000221808
0.000221584
0.00022136
0.000221136
0.000220912
0.000220689
0.000220465
0.000220242
0.000220019
0.000219797
0.000219574
0.000219352
0.00021913
0.000218908
0.000218687
0.000218466
0.000218245
0.000218024
0.000217803
0.000217583
0.000217363
0.000217143
0.000216923
0.000216704
0.000216484
0.000216265
0.000216047
0.000215828
0.00021561
0.000215392
0.000215174
0.000214956
0.000214738
0.000214521
0.000214304
0.000214087
0.000213871
0.000213654
0.000213438
0.000213222
0.000213007
0.000212791
0.000212576
0.000212361
0.000212146
0.000211931
0.000211717
0.000211503
0.000211289
0.000211075
0.000210862
0.000210648
0.000210435
0.000210222
0.00021001
0.000209797
0.000209585
0.000209373
0.000209161
0.00020895
0.000208738
0.000208527
0.000208316
0.000208105
0.000207895
0.000207685
0.000207474
0.000207265
0.000207055
0.000206846
0.000206636
0.000206427
0.000206218
0.00020601
0.000205802
0.000205593
0.000205385
0.000205178
0.00020497
0.000204763
0.000204556
0.000204349
0.000204142
0.000203936
0.000203729
0.000203523
0.000203317
0.000203112
0.000202906
0.000202701
0.000202496
0.000202291
0.000202087
0.000201882
0.000201678
0.000201474
0.00020127
0.000201067
0.000200863
0.00020066
0.000200457
0.000200255
0.000200052
0.00019985
0.000199648
0.000199446
0.000199244
0.000199042
0.000198841
0.00019864
0.000198439
0.000198239
0.000198038
0.000197838
0.000197638
0.000197438
0.000197238
0.000197039
0.000196839
0.00019664
0.000196441
0.000196243
0.000196044
0.000195846
0.000195648
0.00019545
0.000195253
0.000195055
0.000194858
0.000194661
0.000194464
0.000194267
0.000194071
0.000193875
0.000193678
0.000193483
0.000193287
0.000193091
0.000192896
0.000192701
0.000192506
0.000192312
0.000192117
0.000191923
0.000191729
0.000191535
0.000191341
0.000191148
0.000190954
0.000190761
0.000190569
0.000190376
0.000190183
0.000189991
0.000189799
0.000189607
0.000189415
0.000189224
0.000189032
0.000188841
0.00018865
0.00018846
0.000188269
0.000188079
0.000187888
0.000187698
0.000187509
0.000187319
0.00018713
0.00018694
0.000186751
0.000186563
0.000186374
0.000186186
0.000185997
0.000185809
0.000185621
0.000185434
0.000185246
0.000185059
0.000184872
0.000184685
0.000184498
0.000184312
0.000184125
0.000183939
0.000183753
0.000183567
0.000183382
0.000183196
0.000183011
0.000182826
0.000182641
0.000182457
0.000182272
0.000182088
0.000181904
0.00018172
0.000181536
0.000181353
0.000181169
0.000180986
0.000180803
0.00018062
0.000180438
0.000180255
0.000180073
0.000179891
0.000179709
0.000179527
0.000179346
0.000179165
0.000178983
0.000178802
0.000178622
0.000178441
0.000178261
0.00017808
0.0001779
0.000177721
0.000177541
0.000177361
0.000177182
0.000177003
0.000176824
0.000176645
0.000176467
0.000176288
0.00017611
0.000175932
0.000175754
0.000175577
0.000175399
0.000175222
0.000175045
0.000174868
0.000174691
0.000174514
0.000174338
0.000174162
0.000173986
0.00017381
0.000173634
0.000173458
0.000173283
0.000173108
0.000172933
0.000172758
0.000172583
0.000172409
0.000172235
0.000172061
0.000171887
0.000171713
0.000171539
0.000171366
0.000171193
0.00017102
0.000170847
0.000170674
0.000170502
0.000170329
0.000170157
0.000169985
0.000169813
0.000169642
0.00016947
0.000169299
0.000169128
0.000168957
0.000168786
0.000168615
0.000168445
0.000168275
0.000168104
0.000167935
0.000167765
0.000167595
0.000167426
0.000167257
0.000167088
0.000166919
0.00016675
0.000166581
0.000166413
0.000166245
0.000166077
0.000165909
0.000165741
0.000165574
0.000165406
0.000165239
0.000165072
0.000164905
0.000164739
0.000164572
0.000164406
0.00016424
0.000164074
0.000163908
0.000163742
0.000163577
0.000163411
0.000163246
0.000163081
0.000162916
0.000162752
0.000162587
0.000162423
0.000162259
0.000162095
0.000161931
0.000161767
0.000161604
0.00016144
0.000161277
0.000161114
0.000160951
0.000160788
0.000160626
0.000160464
0.000160301
0.000160139
0.000159978
0.000159816
0.000159654
0.000159493
0.000159332
0.000159171
0.00015901
0.000158849
0.000158689
0.000158528
0.000158368
0.000158208
0.000158048
0.000157888
0.000157729
0.000157569
0.00015741
0.000157251
0.000157092
0.000156933
0.000156775
0.000156616
0.000156458
0.0001563
0.000156142
0.000155984
0.000155826
0.000155669
0.000155512
0.000155354
0.000155197
0.000155041
0.000154884
0.000154727
0.000154571
0.000154415
0.000154259
0.000154103
0.000153947
0.000153792
0.000153636
0.000153481
0.000153326
0.000153171
0.000153016
0.000152861
0.000152707
0.000152553
0.000152398
0.000152244
0.00015209
0.000151937
0.000151783
0.00015163
0.000151477
0.000151324
0.000151171
0.000151018
0.000150865
0.000150713
0.00015056
0.000150408
0.000150256
0.000150104
0.000149953
0.000149801
0.00014965
0.000149499
0.000149348
0.000149197
0.000149046
0.000148895
0.000148745
0.000148594
0.000148444
0.000148294
0.000148144
0.000147995
0.000147845
0.000147696
0.000147546
0.000147397
0.000147248
0.0001471
0.000146951
0.000146802
0.000146654
0.000146506
0.000146358
0.00014621
0.000146062
0.000145915
0.000145767
0.00014562
0.000145473
0.000145326
0.000145179
0.000145032
0.000144886
0.000144739
0.000144593
0.000144447
0.000144301
0.000144155
0.000144009
0.000143864
0.000143718
0.000143573
0.000143428
0.000143283
0.000143138
0.000142994
0.000142849
0.000142705
0.000142561
0.000142417
0.000142273
0.000142129
0.000141985
0.000141842
0.000141699
0.000141555
0.000141412
0.000141269
0.000141127
0.000140984
0.000140842
0.000140699
0.000140557
0.000140415
0.000140273
0.000140131
0.00013999
0.000139848
0.000139707
0.000139566
0.000139425
0.000139284
0.000139143
0.000139003
0.000138862
0.000138722
0.000138582
0.000138442
0.000138302
0.000138162
0.000138022
0.000137883
0.000137744
0.000137604
0.000137465
0.000137327
0.000137188
0.000137049
0.000136911
0.000136772
0.000136634
0.000136496
0.000136358
0.00013622
0.000136083
0.000135945
0.000135808
0.000135671
0.000135534
0.000135397
0.00013526
0.000135123
0.000134987
0.00013485
0.000134714
0.000134578
0.000134442
0.000134306
0.00013417
0.000134035
0.000133899
0.000133764
0.000133629
0.000133494
0.000133359
0.000133224
0.00013309
0.000132955
0.000132821
0.000132687
0.000132553
0.000132419
0.000132285
0.000132151
0.000132018
0.000131884
0.000131751
0.000131618
0.000131485
0.000131352
0.000131219
0.000131087
0.000130954
0.000130822
0.00013069
0.000130558
0.000130426
0.000130294
0.000130162
0.000130031
0.0001299
0.000129768
0.000129637
0.000129506
0.000129375
0.000129245
0.000129114
0.000128984
0.000128853
0.000128723
0.000128593
0.000128463
0.000128333
0.000128204
0.000128074
0.000127945
0.000127815
0.000127686
0.000127557
0.000127428
0.0001273
0.000127171
0.000127043
0.000126914
0.000126786
0.000126658
0.00012653
0.000126402
0.000126274
0.000126147
0.000126019
0.000125892
0.000125765
0.000125638
0.000125511
0.000125384
0.000125257
0.000125131
0.000125004
0.000124878
0.000124752
0.000124626
0.0001245
0.000124374
0.000124248
0.000124123
0.000123998
0.000123872
0.000123747
0.000123622
0.000123497
0.000123372
0.000123248
0.000123123
0.000122999
0.000122875
0.00012275
0.000122626
0.000122503
0.000122379
0.000122255
0.000122132
0.000122008
0.000121885
0.000121762
0.000121639
0.000121516
0.000121393
0.00012127
0.000121148
0.000121026
0.000120903
0.000120781
0.000120659
0.000120537
0.000120415
0.000120294
0.000120172
0.000120051
0.00011993
0.000119808
0.000119687
0.000119566
0.000119446
0.000119325
0.000119204
0.000119084
0.000118964
0.000118843
0.000118723
0.000118603
0.000118484
0.000118364
0.000118244
0.000118125
0.000118006
0.000117886
0.000117767
0.000117648
0.000117529
0.000117411
0.000117292
0.000117174
0.000117055
0.000116937
0.000116819
0.000116701
0.000116583
0.000116465
0.000116347
0.00011623
0.000116112
0.000115995
0.000115878
0.000115761
0.000115644
0.000115527
0.00011541
0.000115294
0.000115177
0.000115061
0.000114945
0.000114829
0.000114713
0.000114597
0.000114481
0.000114365
0.00011425
0.000114134
0.000114019
0.000113904
0.000113789
0.000113674
0.000113559
0.000113444
0.00011333
0.000113215
0.000113101
0.000112987
0.000112872
0.000112758
0.000112644
0.000112531
0.000112417
0.000112303
0.00011219
0.000112077
0.000111963
0.00011185
0.000111737
0.000111624
0.000111512
0.000111399
0.000111286
0.000111174
0.000111062
0.00011095
0.000110837
0.000110725
0.000110614
0.000110502
0.00011039
0.000110279
0.000110167
0.000110056
0.000109945
0.000109834
0.000109723
0.000109612
0.000109501
0.000109391
0.00010928
0.00010917
0.000109059
0.000108949
0.000108839
0.000108729
0.000108619
0.00010851
0.0001084
0.000108291
0.000108181
0.000108072
0.000107963
0.000107854
0.000107745
0.000107636
0.000107527
0.000107418
0.00010731
0.000107202
0.000107093
0.000106985
0.000106877
0.000106769
0.000106661
0.000106553
0.000106446
0.000106338
0.000106231
0.000106123
0.000106016
0.000105909
0.000105802
0.000105695
0.000105589
0.000105482
0.000105375
0.000105269
0.000105163
0.000105056
0.00010495
0.000104844
0.000104738
0.000104632
0.000104527
0.000104421
0.000104316
0.00010421
0.000104105
0.000104
0.000103895
0.00010379
0.000103685
0.00010358
0.000103476
0.000103371
0.000103267
0.000103162
0.000103058
0.000102954
0.00010285
0.000102746
0.000102642
0.000102539
0.000102435
0.000102332
0.000102228
0.000102125
0.000102022
0.000101919
0.000101816
0.000101713
0.00010161
0.000101507
0.000101405
0.000101303
0.0001012
0.000101098
0.000100996
0.000100894
0.000100792
0.00010069
0.000100588
0.000100487
0.000100385
0.000100284
0.000100183
0.000100081
9.99802e-05
