0.0495948
0.0442346
0.0394649
0.036882
0.035577
0.0308799
0.0283843
0.0263389
0.0246194
0.0231474
0.0218696
0.0207475
0.0197527
0.0188636
0.0180633
0.0173386
0.0166786
0.0160747
0.0155196
0.0150075
0.0145332
0.0140925
0.0136819
0.0132982
0.0129387
0.0126011
0.0122834
0.0119837
0.0117006
0.0114326
0.0111785
0.0109371
0.0107076
0.010489
0.0102805
0.0100814
0.00989105
0.00970887
0.00953431
0.00936688
0.00920613
0.00905166
0.00890308
0.00876006
0.00862226
0.0084894
0.00836121
0.00823742
0.00811781
0.00800216
0.00789027
0.00778194
0.00767701
0.0075753
0.00747667
0.00738097
0.00728807
0.00719783
0.00711015
0.00702491
0.006942
0.00686133
0.0067828
0.00670632
0.00663181
0.0065592
0.0064884
0.00641935
0.00635198
0.00628623
0.00622203
0.00615934
0.00609809
0.00603823
0.00597972
0.0059225
0.00586654
0.00581179
0.0057582
0.00570575
0.00565439
0.00560409
0.00555482
0.00550653
0.00545921
0.00541282
0.00536733
0.00532272
0.00527895
0.00523601
0.00519387
0.00515251
0.0051119
0.00507203
0.00503287
0.0049944
0.0049566
0.00491946
0.00488296
0.00484708
0.0048118
0.00477711
0.004743
0.00470944
0.00467642
0.00464394
0.00461198
0.00458052
0.00454955
0.00451906
0.00448904
0.00445947
0.00443036
0.00440168
0.00437342
0.00434558
0.00431815
0.00429111
0.00426447
0.0042382
0.0042123
0.00418677
0.00416159
0.00413676
0.00411227
0.00408811
0.00406427
0.00404076
0.00401756
0.00399466
0.00397206
0.00394976
0.00392774
0.00390601
0.00388455
0.00386336
0.00384244
0.00382177
0.00380136
0.00378121
0.00376129
0.00374162
0.00372218
0.00370298
0.003684
0.00366525
0.00364671
0.00362839
0.00361029
0.00359239
0.00357469
0.00355719
0.00353989
0.00352278
0.00350587
0.00348914
0.00347259
0.00345622
0.00344003
0.00342401
0.00340817
0.00339249
0.00337698
0.00336163
0.00334644
0.00333141
0.00331654
0.00330182
0.00328724
0.00327282
0.00325854
0.0032444
0.00323041
0.00321655
0.00320283
0.00318924
0.00317579
0.00316247
0.00314927
0.0031362
0.00312326
0.00311044
0.00309774
0.00308516
0.00307269
0.00306034
0.00304811
0.00303599
0.00302398
0.00301208
0.00300028
0.00298859
0.00297701
0.00296553
0.00295415
0.00294287
0.00293169
0.00292061
0.00290963
0.00289874
0.00288794
0.00287724
0.00286662
0.0028561
0.00284567
0.00283532
0.00282506
0.00281488
0.00280479
0.00279479
0.00278486
0.00277502
0.00276525
0.00275557
0.00274596
0.00273643
0.00272698
0.0027176
0.00270829
0.00269906
0.0026899
0.00268081
0.00267179
0.00266285
0.00265397
0.00264516
0.00263641
0.00262774
0.00261913
0.00261058
0.0026021
0.00259368
0.00258532
0.00257703
0.0025688
0.00256062
0.00255251
0.00254446
0.00253646
0.00252853
0.00252065
0.00251282
0.00250505
0.00249734
0.00248968
0.00248208
0.00247453
0.00246703
0.00245959
0.00245219
0.00244485
0.00243756
0.00243032
0.00242312
0.00241598
0.00240889
0.00240184
0.00239484
0.00238789
0.00238098
0.00237412
0.00236731
0.00236054
0.00235381
0.00234713
0.00234049
0.0023339
0.00232735
0.00232084
0.00231437
0.00230795
0.00230156
0.00229522
0.00228892
0.00228265
0.00227643
0.00227024
0.0022641
0.00225799
0.00225192
0.00224589
0.00223989
0.00223393
0.00222801
0.00222212
0.00221627
0.00221046
0.00220468
0.00219894
0.00219323
0.00218755
0.00218191
0.0021763
0.00217072
0.00216518
0.00215967
0.00215419
0.00214875
0.00214333
0.00213795
0.0021326
0.00212728
0.00212199
0.00211673
0.0021115
0.0021063
0.00210113
0.00209599
0.00209088
0.00208579
0.00208074
0.00207571
0.00207071
0.00206574
0.0020608
0.00205588
0.00205099
0.00204613
0.0020413
0.00203649
0.0020317
0.00202695
0.00202221
0.00201751
0.00201283
0.00200817
0.00200354
0.00199893
0.00199435
0.00198979
0.00198526
0.00198075
0.00197626
0.0019718
0.00196736
0.00196294
0.00195855
0.00195418
0.00194983
0.0019455
0.0019412
0.00193692
0.00193266
0.00192842
0.0019242
0.00192
0.00191583
0.00191167
0.00190754
0.00190343
0.00189934
0.00189526
0.00189121
0.00188718
0.00188317
0.00187918
0.0018752
0.00187125
0.00186732
0.0018634
0.0018595
0.00185563
0.00185177
0.00184793
0.00184411
0.0018403
0.00183652
0.00183275
0.001829
0.00182527
0.00182155
0.00181786
0.00181418
0.00181051
0.00180687
0.00180324
0.00179963
0.00179603
0.00179245
0.00178889
0.00178535
0.00178182
0.0017783
0.00177481
0.00177132
0.00176786
0.00176441
0.00176097
0.00175755
0.00175415
0.00175076
0.00174739
0.00174403
0.00174069
0.00173736
0.00173404
0.00173074
0.00172746
0.00172419
0.00172093
0.00171769
0.00171446
0.00171125
0.00170805
0.00170486
0.00170169
0.00169853
0.00169538
0.00169225
0.00168913
0.00168603
0.00168294
0.00167986
0.00167679
0.00167374
0.0016707
0.00166767
0.00166466
0.00166165
0.00165866
0.00165569
0.00165272
0.00164977
0.00164683
0.0016439
0.00164098
0.00163808
0.00163519
0.0016323
0.00162944
0.00162658
0.00162373
0.0016209
0.00161807
0.00161526
0.00161246
0.00160967
0.0016069
0.00160413
0.00160137
0.00159863
0.00159589
0.00159317
0.00159046
0.00158776
0.00158506
0.00158238
0.00157971
0.00157705
0.0015744
0.00157176
0.00156913
0.00156652
0.00156391
0.00156131
0.00155872
0.00155614
0.00155357
0.00155101
0.00154846
0.00154592
0.00154339
0.00154087
0.00153836
0.00153586
0.00153337
0.00153088
0.00152841
0.00152595
0.00152349
0.00152104
0.00151861
0.00151618
0.00151376
0.00151135
0.00150895
0.00150656
0.00150417
0.0015018
0.00149943
0.00149707
0.00149472
0.00149238
0.00149005
0.00148773
0.00148541
0.0014831
0.00148081
0.00147851
0.00147623
0.00147396
0.00147169
0.00146943
0.00146718
0.00146494
0.00146271
0.00146048
0.00145826
0.00145605
0.00145385
0.00145165
0.00144947
0.00144729
0.00144511
0.00144295
0.00144079
0.00143864
0.0014365
0.00143436
0.00143223
0.00143011
0.001428
0.00142589
0.0014238
0.0014217
0.00141962
0.00141754
0.00141547
0.00141341
0.00141135
0.0014093
0.00140726
0.00140522
0.00140319
0.00140117
0.00139915
0.00139714
0.00139514
0.00139315
0.00139116
0.00138917
0.0013872
0.00138523
0.00138327
0.00138131
0.00137936
0.00137741
0.00137548
0.00137354
0.00137162
0.0013697
0.00136779
0.00136588
0.00136398
0.00136209
0.0013602
0.00135832
0.00135644
0.00135457
0.00135271
0.00135085
0.001349
0.00134715
0.00134531
0.00134347
0.00134164
0.00133982
0.001338
0.00133619
0.00133438
0.00133258
0.00133079
0.001329
0.00132722
0.00132544
0.00132366
0.0013219
0.00132014
0.00131838
0.00131663
0.00131488
0.00131314
0.00131141
0.00130968
0.00130795
0.00130623
0.00130452
0.00130281
0.00130111
0.00129941
0.00129771
0.00129603
0.00129434
0.00129266
0.00129099
0.00128932
0.00128766
0.001286
0.00128435
0.0012827
0.00128105
0.00127942
0.00127778
0.00127615
0.00127453
0.00127291
0.00127129
0.00126968
0.00126808
0.00126648
0.00126488
0.00126329
0.0012617
0.00126012
0.00125854
0.00125697
0.0012554
0.00125384
0.00125228
0.00125072
0.00124917
0.00124763
0.00124609
0.00124455
0.00124302
0.00124149
0.00123996
0.00123844
0.00123693
0.00123542
0.00123391
0.00123241
0.00123091
0.00122941
0.00122792
0.00122644
0.00122495
0.00122348
0.001222
0.00122053
0.00121907
0.00121761
0.00121615
0.00121469
0.00121325
0.0012118
0.00121036
0.00120892
0.00120749
0.00120606
0.00120463
0.00120321
0.00120179
0.00120038
0.00119897
0.00119756
0.00119616
0.00119476
0.00119336
0.00119197
0.00119058
0.0011892
0.00118782
0.00118644
0.00118507
0.0011837
0.00118234
0.00118097
0.00117962
0.00117826
0.00117691
0.00117556
0.00117422
0.00117288
0.00117154
0.00117021
0.00116888
0.00116755
0.00116623
0.00116491
0.00116359
0.00116228
0.00116097
0.00115966
0.00115836
0.00115706
0.00115577
0.00115447
0.00115318
0.0011519
0.00115062
0.00114934
0.00114806
0.00114679
0.00114552
0.00114425
0.00114299
0.00114173
0.00114047
0.00113922
0.00113797
0.00113672
0.00113548
0.00113424
0.001133
0.00113176
0.00113053
0.0011293
0.00112808
0.00112686
0.00112564
0.00112442
0.00112321
0.001122
0.00112079
0.00111959
0.00111838
0.00111719
0.00111599
0.0011148
0.00111361
0.00111242
0.00111124
0.00111006
0.00110888
0.00110771
0.00110653
0.00110536
0.0011042
0.00110303
0.00110187
0.00110071
0.00109956
0.00109841
0.00109726
0.00109611
0.00109497
0.00109382
0.00109269
0.00109155
0.00109042
0.00108929
0.00108816
0.00108703
0.00108591
0.00108479
0.00108367
0.00108256
0.00108145
0.00108034
0.00107923
0.00107813
0.00107703
0.00107593
0.00107483
0.00107374
0.00107264
0.00107156
0.00107047
0.00106939
0.00106831
0.00106723
0.00106615
0.00106508
0.00106401
0.00106294
0.00106187
0.00106081
0.00105975
0.00105869
0.00105763
0.00105658
0.00105552
0.00105448
0.00105343
0.00105238
0.00105134
0.0010503
0.00104926
0.00104823
0.0010472
0.00104617
0.00104514
0.00104411
0.00104309
0.00104207
0.00104105
0.00104003
0.00103902
0.00103801
0.001037
0.00103599
0.00103498
0.00103398
0.00103298
0.00103198
0.00103098
0.00102999
0.001029
0.00102801
0.00102702
0.00102604
0.00102505
0.00102407
0.00102309
0.00102211
0.00102114
0.00102017
0.0010192
0.00101823
0.00101726
0.0010163
0.00101534
0.00101438
0.00101342
0.00101246
0.00101151
0.00101056
0.00100961
0.00100866
0.00100771
0.00100677
0.00100583
0.00100489
0.00100395
0.00100301
0.00100208
0.00100115
0.00100022
0.000999292
0.000998366
0.000997443
0.000996521
0.000995601
0.000994683
0.000993767
0.000992853
0.000991941
0.00099103
0.000990122
0.000989216
0.000988311
0.000987408
0.000986508
0.000985609
0.000984712
0.000983816
0.000982923
0.000982032
0.000981142
0.000980254
0.000979368
0.000978484
0.000977602
0.000976721
0.000975842
0.000974965
0.00097409
0.000973217
0.000972345
0.000971476
0.000970608
0.000969741
0.000968877
0.000968014
0.000967153
0.000966294
0.000965436
0.000964581
0.000963727
0.000962874
0.000962024
0.000961175
0.000960328
0.000959482
0.000958638
0.000957796
0.000956956
0.000956117
0.00095528
0.000954444
0.000953611
0.000952779
0.000951948
0.000951119
0.000950292
0.000949467
0.000948643
0.00094782
0.000947
0.000946181
0.000945363
0.000944547
0.000943733
0.000942921
0.00094211
0.0009413
0.000940492
0.000939686
0.000938881
0.000938078
0.000937276
0.000936476
0.000935678
0.000934881
0.000934085
0.000933291
0.000932499
0.000931708
0.000930919
0.000930131
0.000929345
0.00092856
0.000927777
0.000926995
0.000926214
0.000925436
0.000924658
0.000923882
0.000923108
0.000922335
0.000921564
0.000920794
0.000920025
0.000919258
0.000918492
0.000917728
0.000916965
0.000916204
0.000915444
0.000914686
0.000913929
0.000913173
0.000912419
0.000911666
0.000910915
0.000910165
0.000909416
0.000908669
0.000907923
0.000907179
0.000906436
0.000905694
0.000904954
0.000904215
0.000903477
0.000902741
0.000902006
0.000901273
0.00090054
0.00089981
0.00089908
0.000898352
0.000897625
0.0008969
0.000896176
0.000895453
0.000894731
0.000894011
0.000893292
0.000892575
0.000891858
0.000891143
0.000890429
0.000889717
0.000889006
0.000888296
0.000887587
0.00088688
0.000886174
0.000885469
0.000884766
0.000884064
0.000883363
0.000882663
0.000881964
0.000881267
0.000880571
0.000879876
0.000879183
0.000878491
0.000877799
0.00087711
0.000876421
0.000875734
0.000875047
0.000874362
0.000873679
0.000872996
0.000872315
0.000871634
0.000870955
0.000870278
0.000869601
0.000868926
0.000868251
0.000867578
0.000866906
0.000866236
0.000865566
0.000864898
0.00086423
0.000863564
0.000862899
0.000862235
0.000861573
0.000860911
0.000860251
0.000859592
0.000858934
0.000858277
0.000857621
0.000856966
0.000856312
0.00085566
0.000855009
0.000854358
0.000853709
0.000853061
0.000852414
0.000851768
0.000851124
0.00085048
0.000849837
0.000849196
0.000848556
0.000847916
0.000847278
0.000846641
0.000846005
0.00084537
0.000844736
0.000844103
0.000843471
0.00084284
0.000842211
0.000841582
0.000840955
0.000840328
0.000839702
0.000839078
0.000838455
0.000837832
0.000837211
0.00083659
0.000835971
0.000835353
0.000834736
0.000834119
0.000833504
0.00083289
0.000832277
0.000831665
0.000831053
0.000830443
0.000829834
0.000829226
0.000828619
0.000828012
0.000827407
0.000826803
0.0008262
0.000825597
0.000824996
0.000824396
0.000823797
0.000823198
0.000822601
0.000822004
0.000821409
0.000820814
0.000820221
0.000819628
0.000819037
0.000818446
0.000817856
0.000817267
0.00081668
0.000816093
0.000815507
0.000814922
0.000814338
0.000813754
0.000813172
0.000812591
0.00081201
0.000811431
0.000810852
0.000810275
0.000809698
0.000809122
0.000808547
0.000807973
0.0008074
0.000806828
0.000806257
0.000805686
0.000805117
0.000804548
0.000803981
0.000803414
0.000802848
0.000802283
0.000801719
0.000801155
0.000800593
0.000800031
0.000799471
0.000798911
0.000798352
0.000797794
0.000797237
0.00079668
0.000796125
0.00079557
0.000795017
0.000794464
0.000793912
0.000793361
0.00079281
0.000792261
0.000791712
0.000791164
0.000790617
0.000790071
0.000789526
0.000788981
0.000788438
0.000787895
0.000787353
0.000786812
0.000786271
0.000785732
0.000785193
0.000784655
0.000784118
0.000783582
0.000783046
0.000782512
0.000781978
0.000781445
0.000780912
0.000780381
0.00077985
0.00077932
0.000778791
0.000778263
0.000777736
0.000777209
0.000776683
0.000776158
0.000775634
0.00077511
0.000774587
0.000774065
0.000773544
0.000773024
0.000772504
0.000771985
0.000771467
0.000770949
0.000770433
0.000769917
0.000769402
0.000768888
0.000768374
0.000767861
0.000767349
0.000766838
0.000766327
0.000765817
0.000765308
0.0007648
0.000764292
0.000763785
0.000763279
0.000762774
0.000762269
0.000761765
0.000761262
0.00076076
0.000760258
0.000759757
0.000759257
0.000758757
0.000758258
0.00075776
0.000757263
0.000756766
0.00075627
0.000755775
0.00075528
0.000754786
0.000754293
0.000753801
0.000753309
0.000752818
0.000752328
0.000751838
0.000751349
0.000750861
0.000750373
0.000749887
0.0007494
0.000748915
0.00074843
0.000747946
0.000747463
0.00074698
0.000746498
0.000746017
0.000745536
0.000745056
0.000744577
0.000744098
0.00074362
0.000743143
0.000742666
0.00074219
0.000741715
0.00074124
0.000740766
0.000740293
0.00073982
0.000739348
0.000738877
0.000738406
0.000737936
0.000737466
0.000736998
0.00073653
0.000736062
0.000735595
0.000735129
0.000734664
0.000734199
0.000733734
0.000733271
0.000732808
0.000732346
0.000731884
0.000731423
0.000730962
0.000730503
0.000730043
0.000729585
0.000729127
0.00072867
0.000728213
0.000727757
0.000727301
0.000726847
0.000726392
0.000725939
0.000725486
0.000725034
0.000724582
0.000724131
0.00072368
0.00072323
0.000722781
0.000722332
0.000721884
0.000721437
0.00072099
0.000720543
0.000720098
0.000719653
0.000719208
0.000718764
0.000718321
0.000717878
0.000717436
0.000716995
0.000716554
0.000716113
0.000715673
0.000715234
0.000714796
0.000714357
0.00071392
0.000713483
0.000713047
0.000712611
0.000712176
0.000711741
0.000711307
0.000710874
0.000710441
0.000710009
0.000709577
0.000709146
0.000708715
0.000708285
0.000707856
0.000707427
0.000706998
0.000706571
0.000706143
0.000705717
0.000705291
0.000704865
0.00070444
0.000704016
0.000703592
0.000703168
0.000702745
0.000702323
0.000701901
0.00070148
0.00070106
0.000700639
0.00070022
0.000699801
0.000699382
0.000698964
0.000698547
0.00069813
0.000697714
0.000697298
0.000696883
0.000696468
0.000696054
0.00069564
0.000695227
0.000694814
0.000694402
0.000693991
0.00069358
0.000693169
0.000692759
0.00069235
0.000691941
0.000691532
0.000691124
0.000690717
0.00069031
0.000689903
0.000689498
0.000689092
0.000688687
0.000688283
0.000687879
0.000687476
0.000687073
0.000686671
0.000686269
0.000685867
0.000685467
0.000685066
0.000684666
0.000684267
0.000683868
0.00068347
0.000683072
0.000682675
0.000682278
0.000681881
0.000681486
0.00068109
0.000680695
0.000680301
0.000679907
0.000679513
0.000679121
0.000678728
0.000678336
0.000677945
0.000677554
0.000677163
0.000676773
0.000676383
0.000675994
0.000675606
0.000675217
0.00067483
0.000674443
0.000674056
0.00067367
0.000673284
0.000672898
0.000672514
0.000672129
0.000671745
0.000671362
0.000670979
0.000670596
0.000670214
0.000669833
0.000669451
0.000669071
0.00066869
0.000668311
0.000667931
0.000667553
0.000667174
0.000666796
0.000666419
0.000666042
0.000665665
0.000665289
0.000664913
0.000664538
0.000664163
0.000663789
0.000663415
0.000663041
0.000662668
0.000662296
0.000661924
0.000661552
0.000661181
0.00066081
0.00066044
0.00066007
0.0006597
0.000659331
0.000658963
0.000658594
0.000658227
0.000657859
0.000657492
0.000657126
0.00065676
0.000656394
0.000656029
0.000655664
0.0006553
0.000654936
0.000654573
0.00065421
0.000653847
0.000653485
0.000653123
0.000652762
0.000652401
0.00065204
0.00065168
0.000651321
0.000650961
0.000650603
0.000650244
0.000649886
0.000649529
0.000649171
0.000648815
0.000648458
0.000648102
0.000647747
0.000647392
0.000647037
0.000646683
0.000646329
0.000645975
0.000645622
0.00064527
0.000644917
0.000644565
0.000644214
0.000643863
0.000643512
0.000643162
0.000642812
0.000642463
0.000642113
0.000641765
0.000641416
0.000641069
0.000640721
0.000640374
0.000640027
0.000639681
0.000639335
0.000638989
0.000638644
0.0006383
0.000637955
0.000637611
0.000637268
0.000636924
0.000636582
0.000636239
0.000635897
0.000635555
0.000635214
0.000634873
0.000634533
0.000634193
0.000633853
0.000633513
0.000633174
0.000632836
0.000632497
0.00063216
0.000631822
0.000631485
0.000631148
0.000630812
0.000630476
0.00063014
0.000629805
0.00062947
0.000629135
0.000628801
0.000628468
0.000628134
0.000627801
0.000627468
0.000627136
0.000626804
0.000626472
0.000626141
0.00062581
0.00062548
0.00062515
0.00062482
0.000624491
0.000624161
0.000623833
0.000623504
0.000623176
0.000622849
0.000622522
0.000622195
0.000621868
0.000621542
0.000621216
0.000620891
0.000620565
0.000620241
0.000619916
0.000619592
0.000619268
0.000618945
0.000618622
0.000618299
0.000617977
0.000617655
0.000617333
0.000617012
0.000616691
0.00061637
0.00061605
0.00061573
0.00061541
0.000615091
0.000614772
0.000614454
0.000614135
0.000613818
0.0006135
0.000613183
0.000612866
0.000612549
0.000612233
0.000611917
0.000611602
0.000611286
0.000610972
0.000610657
0.000610343
0.000610029
0.000609715
0.000609402
0.000609089
0.000608777
0.000608465
0.000608153
0.000607841
0.00060753
0.000607219
0.000606908
0.000606598
0.000606288
0.000605979
0.000605669
0.00060536
0.000605052
0.000604743
0.000604435
0.000604128
0.00060382
0.000603513
0.000603207
0.0006029
0.000602594
0.000602288
0.000601983
0.000601678
0.000601373
0.000601068
0.000600764
0.00060046
0.000600157
0.000599854
0.000599551
0.000599248
0.000598946
0.000598644
0.000598342
0.000598041
0.00059774
0.000597439
0.000597138
0.000596838
0.000596538
0.000596239
0.00059594
0.000595641
0.000595342
0.000595044
0.000594746
0.000594448
0.000594151
0.000593854
0.000593557
0.00059326
0.000592964
0.000592668
0.000592373
0.000592077
0.000591782
0.000591488
0.000591193
0.000590899
0.000590605
0.000590312
0.000590019
0.000589726
0.000589433
0.000589141
0.000588849
0.000588557
0.000588265
0.000587974
0.000587683
0.000587393
0.000587103
0.000586813
0.000586523
0.000586233
0.000585944
0.000585656
0.000585367
0.000585079
0.000584791
0.000584503
0.000584216
0.000583928
0.000583642
0.000583355
0.000583069
0.000582783
0.000582497
0.000582212
0.000581927
0.000581642
0.000581357
0.000581073
0.000580789
0.000580505
0.000580222
0.000579938
0.000579656
0.000579373
0.000579091
0.000578808
0.000578527
0.000578245
0.000577964
0.000577683
0.000577402
0.000577122
0.000576842
0.000576562
0.000576282
0.000576003
0.000575724
0.000575445
0.000575166
0.000574888
0.00057461
0.000574333
0.000574055
0.000573778
0.000573501
0.000573224
0.000572948
0.000572672
0.000572396
0.000572121
0.000571845
0.00057157
0.000571295
0.000571021
0.000570747
0.000570473
0.000570199
0.000569926
0.000569652
0.000569379
0.000569107
0.000568834
0.000568562
0.00056829
0.000568019
0.000567747
0.000567476
0.000567205
0.000566935
0.000566664
0.000566394
0.000566124
0.000565855
0.000565585
0.000565316
0.000565048
0.000564779
0.000564511
0.000564243
0.000563975
0.000563707
0.00056344
0.000563173
0.000562906
0.00056264
0.000562373
0.000562107
0.000561842
0.000561576
0.000561311
0.000561046
0.000560781
0.000560516
0.000560252
0.000559988
0.000559724
0.000559461
0.000559197
0.000558934
0.000558672
0.000558409
0.000558147
0.000557885
0.000557623
0.000557361
0.0005571
0.000556839
0.000556578
0.000556317
0.000556057
0.000555797
0.000555537
0.000555277
0.000555018
0.000554758
0.000554499
0.000554241
0.000553982
0.000553724
0.000553466
0.000553208
0.000552951
0.000552693
0.000552436
0.00055218
0.000551923
0.000551667
0.000551411
0.000551155
0.000550899
0.000550644
0.000550388
0.000550133
0.000549879
0.000549624
0.00054937
0.000549116
0.000548862
0.000548609
0.000548355
0.000548102
0.000547849
0.000547597
0.000547344
0.000547092
0.00054684
0.000546588
0.000546337
0.000546086
0.000545835
0.000545584
0.000545333
0.000545083
0.000544833
0.000544583
0.000544333
0.000544084
0.000543834
0.000543585
0.000543337
0.000543088
0.00054284
0.000542591
0.000542344
0.000542096
0.000541848
0.000541601
0.000541354
0.000541107
0.000540861
0.000540614
0.000540368
0.000540122
0.000539876
0.000539631
0.000539386
0.000539141
0.000538896
0.000538651
0.000538407
0.000538163
0.000537919
0.000537675
0.000537431
0.000537188
0.000536945
0.000536702
0.000536459
0.000536217
0.000535974
0.000535732
0.000535491
0.000535249
0.000535007
0.000534766
0.000534525
0.000534284
0.000534044
0.000533804
0.000533563
0.000533323
0.000533084
0.000532844
0.000532605
0.000532366
0.000532127
0.000531888
0.00053165
0.000531411
0.000531173
0.000530935
0.000530698
0.00053046
0.000530223
0.000529986
0.000529749
0.000529512
0.000529276
0.00052904
0.000528804
0.000528568
0.000528332
0.000528097
0.000527862
0.000527627
0.000527392
0.000527157
0.000526923
0.000526689
0.000526455
0.000526221
0.000525987
0.000525754
0.000525521
0.000525288
0.000525055
0.000524822
0.00052459
0.000524358
0.000524126
0.000523894
0.000523662
0.000523431
0.000523199
0.000522968
0.000522738
0.000522507
0.000522276
0.000522046
0.000521816
0.000521586
0.000521357
0.000521127
0.000520898
0.000520669
0.00052044
0.000520211
0.000519983
0.000519754
0.000519526
0.000519298
0.000519071
0.000518843
0.000518616
0.000518388
0.000518161
0.000517935
0.000517708
0.000517482
0.000517255
0.000517029
0.000516804
0.000516578
0.000516352
0.000516127
0.000515902
0.000515677
0.000515452
0.000515228
0.000515004
0.000514779
0.000514555
0.000514332
0.000514108
0.000513885
0.000513661
0.000513438
0.000513215
0.000512993
0.00051277
0.000512548
0.000512326
0.000512104
0.000511882
0.000511661
0.000511439
0.000511218
0.000510997
0.000510776
0.000510555
0.000510335
0.000510115
0.000509894
0.000509674
0.000509455
0.000509235
0.000509016
0.000508796
0.000508577
0.000508359
0.00050814
0.000507921
0.000507703
0.000507485
0.000507267
0.000507049
0.000506831
0.000506614
0.000506397
0.00050618
0.000505963
0.000505746
0.000505529
0.000505313
0.000505097
0.000504881
0.000504665
0.000504449
0.000504234
0.000504018
0.000503803
0.000503588
0.000503373
0.000503159
0.000502944
0.00050273
0.000502516
0.000502302
0.000502088
0.000501874
0.000501661
0.000501447
0.000501234
0.000501021
0.000500809
0.000500596
0.000500384
0.000500171
0.000499959
0.000499747
0.000499535
0.000499324
0.000499112
0.000498901
0.00049869
0.000498479
0.000498268
0.000498058
0.000497847
0.000497637
0.000497427
0.000497217
0.000497007
0.000496798
0.000496588
0.000496379
0.00049617
0.000495961
0.000495752
0.000495544
0.000495335
0.000495127
0.000494919
0.000494711
0.000494503
0.000494296
0.000494088
0.000493881
0.000493674
0.000493467
0.00049326
0.000493053
0.000492847
0.00049264
0.000492434
0.000492228
0.000492022
0.000491817
0.000491611
0.000491406
0.000491201
0.000490996
0.000490791
0.000490586
0.000490382
0.000490177
0.000489973
0.000489769
0.000489565
0.000489361
0.000489157
0.000488954
0.000488751
0.000488548
0.000488345
0.000488142
0.000487939
0.000487737
0.000487534
0.000487332
0.00048713
0.000486928
0.000486726
0.000486525
0.000486323
0.000486122
0.000485921
0.00048572
0.000485519
0.000485318
0.000485118
0.000484918
0.000484717
0.000484517
0.000484317
0.000484118
0.000483918
0.000483719
0.000483519
0.00048332
0.000483121
0.000482922
0.000482724
0.000482525
0.000482327
0.000482129
0.000481931
0.000481733
0.000481535
0.000481337
0.00048114
0.000480942
0.000480745
0.000480548
0.000480351
0.000480155
0.000479958
0.000479761
0.000479565
0.000479369
0.000479173
0.000478977
0.000478781
0.000478586
0.000478391
0.000478195
0.000478
0.000477805
0.00047761
0.000477416
0.000477221
0.000477027
0.000476832
0.000476638
0.000476444
0.000476251
0.000476057
0.000475863
0.00047567
0.000475477
0.000475284
0.000475091
0.000474898
0.000474705
0.000474513
0.00047432
0.000474128
0.000473936
0.000473744
0.000473552
0.000473361
0.000473169
0.000472978
0.000472787
0.000472595
0.000472405
0.000472214
0.000472023
0.000471833
0.000471642
0.000471452
0.000471262
0.000471072
0.000470882
0.000470692
0.000470503
0.000470313
0.000470124
0.000469935
0.000469746
0.000469557
0.000469368
0.00046918
0.000468991
0.000468803
0.000468615
0.000468427
0.000468239
0.000468051
0.000467863
0.000467676
0.000467489
0.000467301
0.000467114
0.000466927
0.00046674
0.000466554
0.000466367
0.000466181
0.000465995
0.000465808
0.000465622
0.000465437
0.000465251
0.000465065
0.00046488
0.000464694
0.000464509
0.000464324
0.000464139
0.000463954
0.00046377
0.000463585
0.000463401
0.000463217
0.000463032
0.000462848
0.000462665
0.000462481
0.000462297
0.000462114
0.00046193
0.000461747
0.000461564
0.000461381
0.000461198
0.000461016
0.000460833
0.000460651
0.000460468
0.000460286
0.000460104
0.000459922
0.00045974
0.000459559
0.000459377
0.000459196
0.000459015
0.000458834
0.000458653
0.000458472
0.000458291
0.00045811
0.00045793
0.000457749
0.000457569
0.000457389
0.000457209
0.000457029
0.000456849
0.00045667
0.00045649
0.000456311
0.000456132
0.000455953
0.000455774
0.000455595
0.000455416
0.000455238
0.000455059
0.000454881
0.000454702
0.000454524
0.000454346
0.000454169
0.000453991
0.000453813
0.000453636
0.000453458
0.000453281
0.000453104
0.000452927
0.00045275
0.000452573
0.000452397
0.00045222
0.000452044
0.000451868
0.000451692
0.000451516
0.00045134
0.000451164
0.000450988
0.000450813
0.000450637
0.000450462
0.000450287
0.000450112
0.000449937
0.000449762
0.000449588
0.000449413
0.000449239
0.000449064
0.00044889
0.000448716
0.000448542
0.000448368
0.000448195
0.000448021
0.000447848
0.000447674
0.000447501
0.000447328
0.000447155
0.000446982
0.000446809
0.000446637
0.000446464
0.000446292
0.000446119
0.000445947
0.000445775
0.000445603
0.000445431
0.00044526
0.000445088
0.000444917
0.000444745
0.000444574
0.000444403
0.000444232
0.000444061
0.00044389
0.00044372
0.000443549
0.000443379
0.000443208
0.000443038
0.000442868
0.000442698
0.000442528
0.000442359
0.000442189
0.00044202
0.00044185
0.000441681
0.000441512
0.000441343
0.000441174
0.000441005
0.000440836
0.000440668
0.000440499
0.000440331
0.000440163
0.000439994
0.000439826
0.000439659
0.000439491
0.000439323
0.000439155
0.000438988
0.000438821
0.000438653
0.000438486
0.000438319
0.000438152
0.000437986
0.000437819
0.000437652
0.000437486
0.00043732
0.000437153
0.000436987
0.000436821
0.000436655
0.000436489
0.000436324
0.000436158
0.000435993
0.000435827
0.000435662
0.000435497
0.000435332
0.000435167
0.000435002
0.000434838
0.000434673
0.000434508
0.000434344
0.00043418
0.000434016
0.000433852
0.000433688
0.000433524
0.00043336
0.000433196
0.000433033
0.00043287
0.000432706
0.000432543
0.00043238
0.000432217
0.000432054
0.000431891
0.000431729
0.000431566
0.000431404
0.000431241
0.000431079
0.000430917
0.000430755
0.000430593
0.000430431
0.00043027
0.000430108
0.000429947
0.000429785
0.000429624
0.000429463
0.000429302
0.000429141
0.00042898
0.000428819
0.000428658
0.000428498
0.000428337
0.000428177
0.000428017
0.000427857
0.000427697
0.000427537
0.000427377
0.000427217
0.000427058
0.000426898
0.000426739
0.000426579
0.00042642
0.000426261
0.000426102
0.000425943
0.000425784
0.000425626
0.000425467
0.000425309
0.00042515
0.000424992
0.000424834
0.000424676
0.000424518
0.00042436
0.000424202
0.000424044
0.000423887
0.000423729
0.000423572
0.000423415
0.000423257
0.0004231
0.000422943
0.000422786
0.00042263
0.000422473
0.000422316
0.00042216
0.000422004
0.000421847
0.000421691
0.000421535
0.000421379
0.000421223
0.000421067
0.000420912
0.000420756
0.000420601
0.000420445
0.00042029
0.000420135
0.00041998
0.000419825
0.00041967
0.000419515
0.00041936
0.000419206
0.000419051
0.000418897
0.000418742
0.000418588
0.000418434
0.00041828
0.000418126
0.000417972
0.000417819
0.000417665
0.000417511
0.000417358
0.000417205
0.000417051
0.000416898
0.000416745
0.000416592
0.000416439
0.000416286
0.000416134
0.000415981
0.000415829
0.000415676
0.000415524
0.000415372
0.00041522
0.000415068
0.000414916
0.000414764
0.000414612
0.000414461
0.000414309
0.000414158
0.000414006
0.000413855
0.000413704
0.000413553
0.000413402
0.000413251
0.0004131
0.000412949
0.000412799
0.000412648
0.000412498
0.000412348
0.000412197
0.000412047
0.000411897
0.000411747
0.000411597
0.000411448
0.000411298
0.000411148
0.000410999
0.000410849
0.0004107
0.000410551
0.000410402
0.000410253
0.000410104
0.000409955
0.000409806
0.000409657
0.000409509
0.00040936
0.000409212
0.000409064
0.000408915
0.000408767
0.000408619
0.000408471
0.000408323
0.000408176
0.000408028
0.00040788
0.000407733
0.000407586
0.000407438
0.000407291
0.000407144
0.000406997
0.00040685
0.000406703
0.000406556
0.00040641
0.000406263
0.000406116
0.00040597
0.000405824
0.000405677
0.000405531
0.000405385
0.000405239
0.000405093
0.000404947
0.000404802
0.000404656
0.000404511
0.000404365
0.00040422
0.000404074
0.000403929
0.000403784
0.000403639
0.000403494
0.000403349
0.000403205
0.00040306
0.000402915
0.000402771
0.000402626
0.000402482
0.000402338
0.000402194
0.00040205
0.000401906
0.000401762
0.000401618
0.000401474
0.000401331
0.000401187
0.000401044
0.0004009
0.000400757
0.000400614
0.000400471
0.000400328
0.000400185
0.000400042
0.000399899
0.000399756
0.000399614
0.000399471
0.000399329
0.000399186
0.000399044
0.000398902
0.00039876
0.000398618
0.000398476
0.000398334
0.000398192
0.000398051
0.000397909
0.000397767
0.000397626
0.000397485
0.000397343
0.000397202
0.000397061
0.00039692
0.000396779
0.000396638
0.000396498
0.000396357
0.000396216
0.000396076
0.000395935
0.000395795
0.000395655
0.000395514
0.000395374
0.000395234
0.000395094
0.000394955
0.000394815
0.000394675
0.000394535
0.000394396
0.000394256
0.000394117
0.000393978
0.000393839
0.000393699
0.00039356
0.000393421
0.000393283
0.000393144
0.000393005
0.000392866
0.000392728
0.000392589
0.000392451
0.000392313
0.000392174
0.000392036
0.000391898
0.00039176
0.000391622
0.000391484
0.000391347
0.000391209
0.000391071
0.000390934
0.000390796
0.000390659
0.000390522
0.000390384
0.000390247
0.00039011
0.000389973
0.000389836
0.0003897
0.000389563
0.000389426
0.00038929
0.000389153
0.000389017
0.00038888
0.000388744
0.000388608
0.000388472
0.000388336
0.0003882
0.000388064
0.000387928
0.000387793
0.000387657
0.000387521
0.000387386
0.00038725
0.000387115
0.00038698
0.000386845
0.00038671
0.000386575
0.00038644
0.000386305
0.00038617
0.000386035
0.000385901
0.000385766
0.000385632
0.000385497
0.000385363
0.000385229
0.000385094
0.00038496
0.000384826
0.000384692
0.000384559
0.000384425
0.000384291
0.000384157
0.000384024
0.00038389
0.000383757
0.000383624
0.00038349
0.000383357
0.000383224
0.000383091
0.000382958
0.000382825
0.000382692
0.00038256
0.000382427
0.000382294
0.000382162
0.000382029
0.000381897
0.000381765
0.000381632
0.0003815
0.000381368
0.000381236
0.000381104
0.000380972
0.000380841
0.000380709
0.000380577
0.000380446
0.000380314
0.000380183
0.000380052
0.00037992
0.000379789
0.000379658
0.000379527
0.000379396
0.000379265
0.000379134
0.000379004
0.000378873
0.000378742
0.000378612
0.000378481
0.000378351
0.000378221
0.00037809
0.00037796
0.00037783
0.0003777
0.00037757
0.00037744
0.000377311
0.000377181
0.000377051
0.000376922
0.000376792
0.000376663
0.000376533
0.000376404
0.000376275
0.000376145
0.000376016
0.000375887
0.000375758
0.00037563
0.000375501
0.000375372
0.000375243
0.000375115
0.000374986
0.000374858
0.000374729
0.000374601
0.000374473
0.000374345
0.000374217
0.000374089
0.000373961
0.000373833
0.000373705
0.000373577
0.000373449
0.000373322
0.000373194
0.000373067
0.000372939
0.000372812
0.000372685
0.000372558
0.000372431
0.000372304
0.000372177
0.00037205
0.000371923
0.000371796
0.000371669
0.000371543
0.000371416
0.00037129
0.000371163
0.000371037
0.000370911
0.000370784
0.000370658
0.000370532
0.000370406
0.00037028
0.000370154
0.000370028
0.000369903
0.000369777
0.000369651
0.000369526
0.0003694
0.000369275
0.00036915
0.000369024
0.000368899
0.000368774
0.000368649
0.000368524
0.000368399
0.000368274
0.000368149
0.000368025
0.0003679
0.000367775
0.000367651
0.000367526
0.000367402
0.000367278
0.000367153
0.000367029
0.000366905
0.000366781
0.000366657
0.000366533
0.000366409
0.000366286
0.000366162
0.000366038
0.000365915
0.000365791
0.000365668
0.000365544
0.000365421
0.000365298
0.000365174
0.000365051
0.000364928
0.000364805
0.000364682
0.000364559
0.000364437
0.000364314
0.000364191
0.000364068
0.000363946
0.000363823
0.000363701
0.000363579
0.000363456
0.000363334
0.000363212
0.00036309
0.000362968
0.000362846
0.000362724
0.000362602
0.00036248
0.000362359
0.000362237
0.000362116
0.000361994
0.000361873
0.000361751
0.00036163
0.000361509
0.000361387
0.000361266
0.000361145
0.000361024
0.000360903
0.000360782
0.000360662
0.000360541
0.00036042
0.0003603
0.000360179
0.000360059
0.000359938
0.000359818
0.000359697
0.000359577
0.000359457
0.000359337
0.000359217
0.000359097
0.000358977
0.000358857
0.000358737
0.000358618
0.000358498
0.000358378
0.000358259
0.000358139
0.00035802
0.000357901
0.000357781
0.000357662
0.000357543
0.000357424
0.000357305
0.000357186
0.000357067
0.000356948
0.000356829
0.00035671
0.000356592
0.000356473
0.000356355
0.000356236
0.000356118
0.000355999
0.000355881
0.000355763
0.000355644
0.000355526
0.000355408
0.00035529
0.000355172
0.000355054
0.000354937
0.000354819
0.000354701
0.000354584
0.000354466
0.000354348
0.000354231
0.000354114
0.000353996
0.000353879
0.000353762
0.000353645
0.000353528
0.000353411
0.000353294
0.000353177
0.00035306
0.000352943
0.000352826
0.00035271
0.000352593
0.000352476
0.00035236
0.000352244
0.000352127
0.000352011
0.000351895
0.000351778
0.000351662
0.000351546
0.00035143
0.000351314
0.000351198
0.000351082
0.000350967
0.000350851
0.000350735
0.00035062
0.000350504
0.000350389
0.000350273
0.000350158
0.000350043
0.000349927
0.000349812
0.000349697
0.000349582
0.000349467
0.000349352
0.000349237
0.000349122
0.000349007
0.000348893
0.000348778
0.000348663
0.000348549
0.000348434
0.00034832
0.000348206
0.000348091
0.000347977
0.000347863
0.000347749
0.000347635
0.000347521
0.000347407
0.000347293
0.000347179
0.000347065
0.000346951
0.000346838
0.000346724
0.00034661
0.000346497
0.000346383
0.00034627
0.000346157
0.000346043
0.00034593
0.000345817
0.000345704
0.000345591
0.000345478
0.000345365
0.000345252
0.000345139
0.000345026
0.000344914
0.000344801
0.000344689
0.000344576
0.000344463
0.000344351
0.000344239
0.000344126
0.000344014
0.000343902
0.00034379
0.000343678
0.000343566
0.000343454
0.000343342
0.00034323
0.000343118
0.000343006
0.000342894
0.000342783
0.000342671
0.00034256
0.000342448
0.000342337
0.000342225
0.000342114
0.000342003
0.000341892
0.00034178
0.000341669
0.000341558
0.000341447
0.000341336
0.000341226
0.000341115
0.000341004
0.000340893
0.000340783
0.000340672
0.000340561
0.000340451
0.000340341
0.00034023
0.00034012
0.00034001
0.000339899
0.000339789
0.000339679
0.000339569
0.000339459
0.000339349
0.000339239
0.000339129
0.000339019
0.00033891
0.0003388
0.00033869
0.000338581
0.000338471
0.000338362
0.000338252
0.000338143
0.000338034
0.000337925
0.000337815
0.000337706
0.000337597
0.000337488
0.000337379
0.00033727
0.000337161
0.000337052
0.000336944
0.000336835
0.000336726
0.000336618
0.000336509
0.000336401
0.000336292
0.000336184
0.000336075
0.000335967
0.000335859
0.000335751
0.000335643
0.000335535
0.000335426
0.000335318
0.000335211
0.000335103
0.000334995
0.000334887
0.000334779
0.000334672
0.000334564
0.000334457
0.000334349
0.000334242
0.000334134
0.000334027
0.00033392
0.000333812
0.000333705
0.000333598
0.000333491
0.000333384
0.000333277
0.00033317
0.000333063
0.000332956
0.000332849
0.000332743
0.000332636
0.000332529
0.000332423
0.000332316
0.00033221
0.000332103
0.000331997
0.000331891
0.000331784
0.000331678
0.000331572
0.000331466
0.00033136
0.000331254
0.000331148
0.000331042
0.000330936
0.00033083
0.000330725
0.000330619
0.000330513
0.000330408
0.000330302
0.000330196
0.000330091
0.000329986
0.00032988
0.000329775
0.00032967
0.000329565
0.000329459
0.000329354
0.000329249
0.000329144
0.000329039
0.000328934
0.000328829
0.000328725
0.00032862
0.000328515
0.000328411
0.000328306
0.000328201
0.000328097
0.000327992
0.000327888
0.000327784
0.000327679
0.000327575
0.000327471
0.000327367
0.000327263
0.000327159
0.000327055
0.000326951
0.000326847
0.000326743
0.000326639
0.000326535
0.000326432
0.000326328
0.000326224
0.000326121
0.000326017
0.000325914
0.00032581
0.000325707
0.000325604
0.0003255
0.000325397
0.000325294
0.000325191
0.000325088
0.000324985
0.000324882
0.000324779
0.000324676
0.000324573
0.00032447
0.000324367
0.000324265
0.000324162
0.00032406
0.000323957
0.000323854
0.000323752
0.00032365
0.000323547
0.000323445
0.000323343
0.00032324
0.000323138
0.000323036
0.000322934
0.000322832
0.00032273
0.000322628
0.000322526
0.000322424
0.000322323
0.000322221
0.000322119
0.000322018
0.000321916
0.000321814
0.000321713
0.000321612
0.00032151
0.000321409
0.000321307
0.000321206
0.000321105
0.000321004
0.000320903
0.000320802
0.000320701
0.0003206
0.000320499
0.000320398
0.000320297
0.000320196
0.000320095
0.000319995
0.000319894
0.000319793
0.000319693
0.000319592
0.000319492
0.000319391
0.000319291
0.000319191
0.00031909
0.00031899
0.00031889
0.00031879
0.00031869
0.00031859
0.00031849
0.00031839
0.00031829
0.00031819
0.00031809
0.00031799
0.000317891
0.000317791
0.000317691
0.000317592
0.000317492
0.000317393
0.000317293
0.000317194
0.000317094
0.000316995
0.000316896
0.000316797
0.000316697
0.000316598
0.000316499
0.0003164
0.000316301
0.000316202
0.000316103
0.000316004
0.000315906
0.000315807
0.000315708
0.000315609
0.000315511
0.000315412
0.000315314
0.000315215
0.000315117
0.000315018
0.00031492
0.000314822
0.000314723
0.000314625
0.000314527
0.000314429
0.000314331
0.000314233
0.000314135
0.000314037
0.000313939
0.000313841
0.000313743
0.000313645
0.000313547
0.00031345
0.000313352
0.000313254
0.000313157
0.000313059
0.000312962
0.000312864
0.000312767
0.00031267
0.000312572
0.000312475
0.000312378
0.000312281
0.000312184
0.000312087
0.00031199
0.000311893
0.000311796
0.000311699
0.000311602
0.000311505
0.000311408
0.000311311
0.000311215
0.000311118
0.000311022
0.000310925
0.000310828
0.000310732
0.000310636
0.000310539
0.000310443
0.000310347
0.00031025
0.000310154
0.000310058
0.000309962
0.000309866
0.00030977
0.000309674
0.000309578
0.000309482
0.000309386
0.00030929
0.000309194
0.000309099
0.000309003
0.000308907
0.000308812
0.000308716
0.000308621
0.000308525
0.00030843
0.000308334
0.000308239
0.000308144
0.000308048
0.000307953
0.000307858
0.000307763
0.000307668
0.000307573
0.000307478
0.000307383
0.000307288
0.000307193
0.000307098
0.000307003
0.000306908
0.000306814
0.000306719
0.000306624
0.00030653
0.000306435
0.000306341
0.000306246
0.000306152
0.000306057
0.000305963
0.000305869
0.000305775
0.00030568
0.000305586
0.000305492
0.000305398
0.000305304
0.00030521
0.000305116
0.000305022
0.000304928
0.000304834
0.00030474
0.000304647
0.000304553
0.000304459
0.000304366
0.000304272
0.000304179
0.000304085
0.000303992
0.000303898
0.000303805
0.000303711
0.000303618
0.000303525
0.000303432
0.000303338
0.000303245
0.000303152
0.000303059
0.000302966
0.000302873
0.00030278
0.000302687
0.000302594
0.000302502
0.000302409
0.000302316
0.000302223
0.000302131
0.000302038
0.000301946
0.000301853
0.000301761
0.000301668
0.000301576
0.000301483
0.000301391
0.000301299
0.000301206
0.000301114
0.000301022
0.00030093
0.000300838
0.000300746
0.000300654
0.000300562
0.00030047
0.000300378
0.000300286
0.000300194
0.000300103
0.000300011
0.000299919
0.000299828
0.000299736
0.000299644
0.000299553
0.000299461
0.00029937
0.000299279
0.000299187
0.000299096
0.000299005
0.000298913
0.000298822
0.000298731
0.00029864
0.000298549
0.000298458
0.000298367
0.000298276
0.000298185
0.000298094
0.000298003
0.000297912
0.000297821
0.000297731
0.00029764
0.000297549
0.000297459
0.000297368
0.000297278
0.000297187
0.000297097
0.000297006
0.000296916
0.000296825
0.000296735
0.000296645
0.000296555
0.000296464
0.000296374
0.000296284
0.000296194
0.000296104
0.000296014
0.000295924
0.000295834
0.000295744
0.000295654
0.000295565
0.000295475
0.000295385
0.000295295
0.000295206
0.000295116
0.000295027
0.000294937
0.000294848
0.000294758
0.000294669
0.000294579
0.00029449
0.000294401
0.000294311
0.000294222
0.000294133
0.000294044
0.000293955
0.000293866
0.000293777
0.000293688
0.000293599
0.00029351
0.000293421
0.000293332
0.000293243
0.000293154
0.000293066
0.000292977
0.000292888
0.0002928
0.000292711
0.000292623
0.000292534
0.000292446
0.000292357
0.000292269
0.00029218
0.000292092
0.000292004
0.000291916
0.000291827
0.000291739
0.000291651
0.000291563
0.000291475
0.000291387
0.000291299
0.000291211
0.000291123
0.000291035
0.000290947
0.000290859
0.000290772
0.000290684
0.000290596
0.000290509
0.000290421
0.000290333
0.000290246
0.000290158
0.000290071
0.000289984
0.000289896
0.000289809
0.000289721
0.000289634
0.000289547
0.00028946
0.000289373
0.000289285
0.000289198
0.000289111
0.000289024
0.000288937
0.00028885
0.000288763
0.000288676
0.00028859
0.000288503
0.000288416
0.000288329
0.000288243
0.000288156
0.000288069
0.000287983
0.000287896
0.00028781
0.000287723
0.000287637
0.00028755
0.000287464
0.000287378
0.000287291
0.000287205
0.000287119
0.000287033
0.000286946
0.00028686
0.000286774
0.000286688
0.000286602
0.000286516
0.00028643
0.000286344
0.000286259
0.000286173
0.000286087
0.000286001
0.000285915
0.00028583
0.000285744
0.000285658
0.000285573
0.000285487
0.000285402
0.000285316
0.000285231
0.000285146
0.00028506
0.000284975
0.00028489
0.000284804
0.000284719
0.000284634
0.000284549
0.000284464
0.000284378
0.000284293
0.000284208
0.000284123
0.000284038
0.000283954
0.000283869
0.000283784
0.000283699
0.000283614
0.00028353
0.000283445
0.00028336
0.000283276
0.000283191
0.000283106
0.000283022
0.000282937
0.000282853
0.000282768
0.000282684
0.0002826
0.000282515
0.000282431
0.000282347
0.000282263
0.000282178
0.000282094
0.00028201
0.000281926
0.000281842
0.000281758
0.000281674
0.00028159
0.000281506
0.000281422
0.000281339
0.000281255
0.000281171
0.000281087
0.000281004
0.00028092
0.000280836
0.000280753
0.000280669
0.000280586
0.000280502
0.000280419
0.000280335
0.000280252
0.000280169
0.000280085
0.000280002
0.000279919
0.000279835
0.000279752
0.000279669
0.000279586
0.000279503
0.00027942
0.000279337
0.000279254
0.000279171
0.000279088
0.000279005
0.000278922
0.00027884
0.000278757
0.000278674
0.000278591
0.000278509
0.000278426
0.000278343
0.000278261
0.000278178
0.000278096
0.000278013
0.000277931
0.000277848
0.000277766
0.000277684
0.000277601
0.000277519
0.000277437
0.000277355
0.000277272
0.00027719
0.000277108
0.000277026
0.000276944
0.000276862
0.00027678
0.000276698
0.000276616
0.000276534
0.000276453
0.000276371
0.000276289
0.000276207
0.000276126
0.000276044
0.000275962
0.000275881
0.000275799
0.000275717
0.000275636
0.000275554
0.000275473
0.000275392
0.00027531
0.000275229
0.000275148
0.000275066
0.000274985
0.000274904
0.000274823
0.000274741
0.00027466
0.000274579
0.000274498
0.000274417
0.000274336
0.000274255
0.000274174
0.000274093
0.000274013
0.000273932
0.000273851
0.00027377
0.000273689
0.000273609
0.000273528
0.000273447
0.000273367
0.000273286
0.000273206
0.000273125
0.000273045
0.000272964
0.000272884
0.000272804
0.000272723
0.000272643
0.000272563
0.000272482
0.000272402
0.000272322
0.000272242
0.000272162
0.000272082
0.000272002
0.000271922
0.000271842
0.000271762
0.000271682
0.000271602
0.000271522
0.000271442
0.000271362
0.000271282
0.000271203
0.000271123
0.000271043
0.000270964
0.000270884
0.000270805
0.000270725
0.000270645
0.000270566
0.000270487
0.000270407
0.000270328
0.000270248
0.000270169
0.00027009
0.00027001
0.000269931
0.000269852
0.000269773
0.000269694
0.000269615
0.000269536
0.000269456
0.000269377
0.000269298
0.00026922
0.000269141
0.000269062
0.000268983
0.000268904
0.000268825
0.000268746
0.000268668
0.000268589
0.00026851
0.000268432
0.000268353
0.000268275
0.000268196
0.000268117
0.000268039
0.000267961
0.000267882
0.000267804
0.000267725
0.000267647
0.000267569
0.00026749
0.000267412
0.000267334
0.000267256
0.000267178
0.0002671
0.000267021
0.000266943
0.000266865
0.000266787
0.000266709
0.000266632
0.000266554
0.000266476
0.000266398
0.00026632
0.000266242
0.000266165
0.000266087
0.000266009
0.000265932
0.000265854
0.000265776
0.000265699
0.000265621
0.000265544
0.000265466
0.000265389
0.000265311
0.000265234
0.000265157
0.000265079
0.000265002
0.000264925
0.000264847
0.00026477
0.000264693
0.000264616
0.000264539
0.000264462
0.000264385
0.000264308
0.000264231
0.000264154
0.000264077
0.000264
0.000263923
0.000263846
0.000263769
0.000263693
0.000263616
0.000263539
0.000263462
0.000263386
0.000263309
0.000263232
0.000263156
0.000263079
0.000263003
0.000262926
0.00026285
0.000262773
0.000262697
0.000262621
0.000262544
0.000262468
0.000262392
0.000262315
0.000262239
0.000262163
0.000262087
0.000262011
0.000261935
0.000261859
0.000261783
0.000261707
0.000261631
0.000261555
0.000261479
0.000261403
0.000261327
0.000261251
0.000261175
0.000261099
0.000261024
0.000260948
0.000260872
0.000260797
0.000260721
0.000260645
0.00026057
0.000260494
0.000260419
0.000260343
0.000260268
0.000260192
0.000260117
0.000260042
0.000259966
0.000259891
0.000259816
0.00025974
0.000259665
0.00025959
0.000259515
0.00025944
0.000259365
0.000259289
0.000259214
0.000259139
0.000259064
0.000258989
0.000258914
0.00025884
0.000258765
0.00025869
0.000258615
0.00025854
0.000258465
0.000258391
0.000258316
0.000258241
0.000258167
0.000258092
0.000258017
0.000257943
0.000257868
0.000257794
0.000257719
0.000257645
0.00025757
0.000257496
0.000257422
0.000257347
0.000257273
0.000257199
0.000257124
0.00025705
0.000256976
0.000256902
0.000256828
0.000256754
0.000256679
0.000256605
0.000256531
0.000256457
0.000256383
0.000256309
0.000256235
0.000256162
0.000256088
0.000256014
0.00025594
0.000255866
0.000255793
0.000255719
0.000255645
0.000255571
0.000255498
0.000255424
0.000255351
0.000255277
0.000255204
0.00025513
0.000255057
0.000254983
0.00025491
0.000254836
0.000254763
0.00025469
0.000254616
0.000254543
0.00025447
0.000254397
0.000254323
0.00025425
0.000254177
0.000254104
0.000254031
0.000253958
0.000253885
0.000253812
0.000253739
0.000253666
0.000253593
0.00025352
0.000253447
0.000253374
0.000253301
0.000253229
0.000253156
0.000253083
0.000253011
0.000252938
0.000252865
0.000252793
0.00025272
0.000252647
0.000252575
0.000252502
0.00025243
0.000252357
0.000252285
0.000252213
0.00025214
0.000252068
0.000251996
0.000251923
0.000251851
0.000251779
0.000251707
0.000251634
0.000251562
0.00025149
0.000251418
0.000251346
0.000251274
0.000251202
0.00025113
0.000251058
0.000250986
0.000250914
0.000250842
0.00025077
0.000250698
0.000250627
0.000250555
0.000250483
0.000250411
0.00025034
0.000250268
0.000250196
0.000250125
0.000250053
0.000249982
0.00024991
0.000249838
0.000249767
0.000249695
0.000249624
0.000249553
0.000249481
0.00024941
0.000249339
0.000249267
0.000249196
0.000249125
0.000249054
0.000248982
0.000248911
0.00024884
0.000248769
0.000248698
0.000248627
0.000248556
0.000248485
0.000248414
0.000248343
0.000248272
0.000248201
0.00024813
0.000248059
0.000247988
0.000247918
0.000247847
0.000247776
0.000247705
0.000247635
0.000247564
0.000247493
0.000247423
0.000247352
0.000247282
0.000247211
0.00024714
0.00024707
0.000247
0.000246929
0.000246859
0.000246788
0.000246718
0.000246648
0.000246577
0.000246507
0.000246437
0.000246367
0.000246296
0.000246226
0.000246156
0.000246086
0.000246016
0.000245946
0.000245876
0.000245806
0.000245736
0.000245666
0.000245596
0.000245526
0.000245456
0.000245386
0.000245316
0.000245246
0.000245177
0.000245107
0.000245037
0.000244967
0.000244898
0.000244828
0.000244758
0.000244689
0.000244619
0.00024455
0.00024448
0.000244411
0.000244341
0.000244272
0.000244202
0.000244133
0.000244063
0.000243994
0.000243925
0.000243855
0.000243786
0.000243717
0.000243648
0.000243578
0.000243509
0.00024344
0.000243371
0.000243302
0.000243233
0.000243164
0.000243095
0.000243026
0.000242957
0.000242888
0.000242819
0.00024275
0.000242681
0.000242612
0.000242543
0.000242475
0.000242406
0.000242337
0.000242268
0.0002422
0.000242131
0.000242062
0.000241994
0.000241925
0.000241856
0.000241788
0.000241719
0.000241651
0.000241582
0.000241514
0.000241445
0.000241377
0.000241309
0.00024124
0.000241172
0.000241104
0.000241035
0.000240967
0.000240899
0.000240831
0.000240763
0.000240694
0.000240626
0.000240558
0.00024049
0.000240422
0.000240354
0.000240286
0.000240218
0.00024015
0.000240082
0.000240014
0.000239946
0.000239878
0.000239811
0.000239743
0.000239675
0.000239607
0.00023954
0.000239472
0.000239404
0.000239336
0.000239269
0.000239201
0.000239134
0.000239066
0.000238998
0.000238931
0.000238863
0.000238796
0.000238729
0.000238661
0.000238594
0.000238526
0.000238459
0.000238392
0.000238324
0.000238257
0.00023819
0.000238123
0.000238055
0.000237988
0.000237921
0.000237854
0.000237787
0.00023772
0.000237653
0.000237586
0.000237519
0.000237452
0.000237385
0.000237318
0.000237251
0.000237184
0.000237117
0.00023705
0.000236983
0.000236917
0.00023685
0.000236783
0.000236716
0.00023665
0.000236583
0.000236516
0.00023645
0.000236383
0.000236317
0.00023625
0.000236183
0.000236117
0.00023605
0.000235984
0.000235918
0.000235851
0.000235785
0.000235718
0.000235652
0.000235586
0.000235519
0.000235453
0.000235387
0.000235321
0.000235254
0.000235188
0.000235122
0.000235056
0.00023499
0.000234924
0.000234858
0.000234792
0.000234726
0.00023466
0.000234594
0.000234528
0.000234462
0.000234396
0.00023433
0.000234264
0.000234198
0.000234133
0.000234067
0.000234001
0.000233935
0.00023387
0.000233804
0.000233738
0.000233673
0.000233607
0.000233541
0.000233476
0.00023341
0.000233345
0.000233279
0.000233214
0.000233148
0.000233083
0.000233018
0.000232952
0.000232887
0.000232821
0.000232756
0.000232691
0.000232626
0.00023256
0.000232495
0.00023243
0.000232365
0.0002323
0.000232234
0.000232169
0.000232104
0.000232039
0.000231974
0.000231909
0.000231844
0.000231779
0.000231714
0.000231649
0.000231584
0.000231519
0.000231455
0.00023139
0.000231325
0.00023126
0.000231195
0.000231131
0.000231066
0.000231001
0.000230937
0.000230872
0.000230807
0.000230743
0.000230678
0.000230614
0.000230549
0.000230485
0.00023042
0.000230356
0.000230291
0.000230227
0.000230162
0.000230098
0.000230034
0.000229969
0.000229905
0.000229841
0.000229776
0.000229712
0.000229648
0.000229584
0.00022952
0.000229455
0.000229391
0.000229327
0.000229263
0.000229199
0.000229135
0.000229071
0.000229007
0.000228943
0.000228879
0.000228815
0.000228751
0.000228687
0.000228623
0.00022856
0.000228496
0.000228432
0.000228368
0.000228304
0.000228241
0.000228177
0.000228113
0.00022805
0.000227986
0.000227922
0.000227859
0.000227795
0.000227732
0.000227668
0.000227605
0.000227541
0.000227478
0.000227414
0.000227351
0.000227287
0.000227224
0.000227161
0.000227097
0.000227034
0.000226971
0.000226908
0.000226844
0.000226781
0.000226718
0.000226655
0.000226592
0.000226528
0.000226465
0.000226402
0.000226339
0.000226276
0.000226213
0.00022615
0.000226087
0.000226024
0.000225961
0.000225898
0.000225835
0.000225772
0.00022571
0.000225647
0.000225584
0.000225521
0.000225458
0.000225396
0.000225333
0.00022527
0.000225208
0.000225145
0.000225082
0.00022502
0.000224957
0.000224895
0.000224832
0.00022477
0.000224707
0.000224645
0.000224582
0.00022452
0.000224457
0.000224395
0.000224332
0.00022427
0.000224208
0.000224145
0.000224083
0.000224021
0.000223959
0.000223896
0.000223834
0.000223772
0.00022371
0.000223648
0.000223586
0.000223524
0.000223461
0.000223399
0.000223337
0.000223275
0.000223213
0.000223151
0.000223089
0.000223028
0.000222966
0.000222904
0.000222842
0.00022278
0.000222718
0.000222656
0.000222595
0.000222533
0.000222471
0.00022241
0.000222348
0.000222286
0.000222224
0.000222163
0.000222101
0.00022204
0.000221978
0.000221917
0.000221855
0.000221794
0.000221732
0.000221671
0.000221609
0.000221548
0.000221486
0.000221425
0.000221364
0.000221302
0.000221241
0.00022118
0.000221118
0.000221057
0.000220996
0.000220935
0.000220874
0.000220812
0.000220751
0.00022069
0.000220629
0.000220568
0.000220507
0.000220446
0.000220385
0.000220324
0.000220263
0.000220202
0.000220141
0.00022008
0.000220019
0.000219958
0.000219897
0.000219837
0.000219776
0.000219715
0.000219654
0.000219593
0.000219533
0.000219472
0.000219411
0.000219351
0.00021929
0.000219229
0.000219169
0.000219108
0.000219048
0.000218987
0.000218927
0.000218866
0.000218806
0.000218745
0.000218685
0.000218624
0.000218564
0.000218504
0.000218443
0.000218383
0.000218322
0.000218262
0.000218202
0.000218142
0.000218081
0.000218021
0.000217961
0.000217901
0.000217841
0.000217781
0.00021772
0.00021766
0.0002176
0.00021754
0.00021748
0.00021742
0.00021736
0.0002173
0.00021724
0.00021718
0.00021712
0.000217061
0.000217001
0.000216941
0.000216881
0.000216821
0.000216761
0.000216702
0.000216642
0.000216582
0.000216522
0.000216463
0.000216403
0.000216343
0.000216284
0.000216224
0.000216165
0.000216105
0.000216045
0.000215986
0.000215926
0.000215867
0.000215807
0.000215748
0.000215689
0.000215629
0.00021557
0.00021551
0.000215451
0.000215392
0.000215332
0.000215273
0.000215214
0.000215155
0.000215095
0.000215036
0.000214977
0.000214918
0.000214859
0.0002148
0.00021474
0.000214681
0.000214622
0.000214563
0.000214504
0.000214445
0.000214386
0.000214327
0.000214268
0.000214209
0.00021415
0.000214092
0.000214033
0.000213974
0.000213915
0.000213856
0.000213797
0.000213739
0.00021368
0.000213621
0.000213562
0.000213504
0.000213445
0.000213386
0.000213328
0.000213269
0.000213211
0.000213152
0.000213093
0.000213035
0.000212976
0.000212918
0.000212859
0.000212801
0.000212742
0.000212684
0.000212626
0.000212567
0.000212509
0.000212451
0.000212392
0.000212334
0.000212276
0.000212217
0.000212159
0.000212101
0.000212043
0.000211985
0.000211926
0.000211868
0.00021181
0.000211752
0.000211694
0.000211636
0.000211578
0.00021152
0.000211462
0.000211404
0.000211346
0.000211288
0.00021123
0.000211172
0.000211114
0.000211056
0.000210998
0.00021094
0.000210883
0.000210825
0.000210767
0.000210709
0.000210651
0.000210594
0.000210536
0.000210478
0.000210421
0.000210363
0.000210305
0.000210248
0.00021019
0.000210133
0.000210075
0.000210018
0.00020996
0.000209903
0.000209845
0.000209788
0.00020973
0.000209673
0.000209615
0.000209558
0.000209501
0.000209443
0.000209386
0.000209329
0.000209271
0.000209214
0.000209157
0.0002091
0.000209042
0.000208985
0.000208928
0.000208871
0.000208814
0.000208757
0.000208699
0.000208642
0.000208585
0.000208528
0.000208471
0.000208414
0.000208357
0.0002083
0.000208243
0.000208186
0.00020813
0.000208073
0.000208016
0.000207959
0.000207902
0.000207845
0.000207788
0.000207732
0.000207675
0.000207618
0.000207561
0.000207505
0.000207448
0.000207391
0.000207335
0.000207278
0.000207221
0.000207165
0.000207108
0.000207052
0.000206995
0.000206939
0.000206882
0.000206826
0.000206769
0.000206713
0.000206656
0.0002066
0.000206544
0.000206487
0.000206431
0.000206374
0.000206318
0.000206262
0.000206206
0.000206149
0.000206093
0.000206037
0.000205981
0.000205924
0.000205868
0.000205812
0.000205756
0.0002057
0.000205644
0.000205588
0.000205532
0.000205476
0.00020542
0.000205364
0.000205308
0.000205252
0.000205196
0.00020514
0.000205084
0.000205028
0.000204972
0.000204916
0.00020486
0.000204805
0.000204749
0.000204693
0.000204637
0.000204581
0.000204526
0.00020447
0.000204414
0.000204359
0.000204303
0.000204247
0.000204192
0.000204136
0.00020408
0.000204025
0.000203969
0.000203914
0.000203858
0.000203803
0.000203747
0.000203692
0.000203636
0.000203581
0.000203526
0.00020347
0.000203415
0.000203359
0.000203304
0.000203249
0.000203194
0.000203138
0.000203083
0.000203028
0.000202973
0.000202917
0.000202862
0.000202807
0.000202752
0.000202697
0.000202642
0.000202586
0.000202531
0.000202476
0.000202421
0.000202366
0.000202311
0.000202256
0.000202201
0.000202146
0.000202091
0.000202036
0.000201982
0.000201927
0.000201872
0.000201817
0.000201762
0.000201707
0.000201652
0.000201598
0.000201543
0.000201488
0.000201433
0.000201379
0.000201324
0.000201269
0.000201215
0.00020116
0.000201105
0.000201051
0.000200996
0.000200942
0.000200887
0.000200833
0.000200778
0.000200724
0.000200669
0.000200615
0.00020056
0.000200506
0.000200451
0.000200397
0.000200343
0.000200288
0.000200234
0.00020018
0.000200125
0.000200071
0.000200017
0.000199962
0.000199908
0.000199854
0.0001998
0.000199746
0.000199691
0.000199637
0.000199583
0.000199529
0.000199475
0.000199421
0.000199367
0.000199313
0.000199259
0.000199205
0.000199151
0.000199097
0.000199043
0.000198989
0.000198935
0.000198881
0.000198827
0.000198773
0.000198719
0.000198666
0.000198612
0.000198558
0.000198504
0.00019845
0.000198397
0.000198343
0.000198289
0.000198235
0.000198182
0.000198128
0.000198075
0.000198021
0.000197967
0.000197914
0.00019786
0.000197807
0.000197753
0.000197699
0.000197646
0.000197592
0.000197539
0.000197486
0.000197432
0.000197379
0.000197325
0.000197272
0.000197218
0.000197165
0.000197112
0.000197058
0.000197005
0.000196952
0.000196899
0.000196845
0.000196792
0.000196739
0.000196686
0.000196632
0.000196579
0.000196526
0.000196473
0.00019642
0.000196367
0.000196314
0.000196261
0.000196208
0.000196155
0.000196102
0.000196049
0.000195996
0.000195943
0.00019589
0.000195837
0.000195784
0.000195731
0.000195678
0.000195625
0.000195572
0.000195519
0.000195467
0.000195414
0.000195361
0.000195308
0.000195256
0.000195203
0.00019515
0.000195097
0.000195045
0.000194992
0.000194939
0.000194887
0.000194834
0.000194782
0.000194729
0.000194676
0.000194624
0.000194571
0.000194519
0.000194466
0.000194414
0.000194361
0.000194309
0.000194257
0.000194204
0.000194152
0.000194099
0.000194047
0.000193995
0.000193942
0.00019389
0.000193838
0.000193785
0.000193733
0.000193681
0.000193629
0.000193576
0.000193524
0.000193472
0.00019342
0.000193368
0.000193316
0.000193263
0.000193211
0.000193159
0.000193107
0.000193055
0.000193003
0.000192951
0.000192899
0.000192847
0.000192795
0.000192743
0.000192691
0.000192639
0.000192587
0.000192536
0.000192484
0.000192432
0.00019238
0.000192328
0.000192276
0.000192225
0.000192173
0.000192121
0.000192069
0.000192018
0.000191966
0.000191914
0.000191863
0.000191811
0.000191759
0.000191708
0.000191656
0.000191604
0.000191553
0.000191501
0.00019145
0.000191398
0.000191347
0.000191295
0.000191244
0.000191192
0.000191141
0.000191089
0.000191038
0.000190987
0.000190935
0.000190884
0.000190832
0.000190781
0.00019073
0.000190678
0.000190627
0.000190576
0.000190525
0.000190473
0.000190422
0.000190371
0.00019032
0.000190269
0.000190217
0.000190166
0.000190115
0.000190064
0.000190013
0.000189962
0.000189911
0.00018986
0.000189809
0.000189758
0.000189707
0.000189656
0.000189605
0.000189554
0.000189503
0.000189452
0.000189401
0.00018935
0.000189299
0.000189248
0.000189198
0.000189147
0.000189096
0.000189045
0.000188994
0.000188944
0.000188893
0.000188842
0.000188792
0.000188741
0.00018869
0.000188639
0.000188589
0.000188538
0.000188488
0.000188437
0.000188386
0.000188336
0.000188285
0.000188235
0.000188184
0.000188134
0.000188083
0.000188033
0.000187982
0.000187932
0.000187881
0.000187831
0.000187781
0.00018773
0.00018768
0.00018763
0.000187579
0.000187529
0.000187479
0.000187428
0.000187378
0.000187328
0.000187277
0.000187227
0.000187177
0.000187127
0.000187077
0.000187027
0.000186976
0.000186926
0.000186876
0.000186826
0.000186776
0.000186726
0.000186676
0.000186626
0.000186576
0.000186526
0.000186476
0.000186426
0.000186376
0.000186326
0.000186276
0.000186226
0.000186176
0.000186126
0.000186076
0.000186027
0.000185977
0.000185927
0.000185877
0.000185827
0.000185778
0.000185728
0.000185678
0.000185628
0.000185579
0.000185529
0.000185479
0.00018543
0.00018538
0.00018533
0.000185281
0.000185231
0.000185181
0.000185132
0.000185082
0.000185033
0.000184983
0.000184934
0.000184884
0.000184835
0.000184785
0.000184736
0.000184686
0.000184637
0.000184588
0.000184538
0.000184489
0.000184439
0.00018439
0.000184341
0.000184291
0.000184242
0.000184193
0.000184144
0.000184094
0.000184045
0.000183996
0.000183947
0.000183897
0.000183848
0.000183799
0.00018375
0.000183701
0.000183652
0.000183603
0.000183554
0.000183504
0.000183455
0.000183406
0.000183357
0.000183308
0.000183259
0.00018321
0.000183161
0.000183112
0.000183064
0.000183015
0.000182966
0.000182917
0.000182868
0.000182819
0.00018277
0.000182721
0.000182673
0.000182624
0.000182575
0.000182526
0.000182477
0.000182429
0.00018238
0.000182331
0.000182283
0.000182234
0.000182185
0.000182137
0.000182088
0.000182039
0.000181991
0.000181942
0.000181894
0.000181845
0.000181796
0.000181748
0.000181699
0.000181651
0.000181602
0.000181554
0.000181505
0.000181457
0.000181409
0.00018136
0.000181312
0.000181263
0.000181215
0.000181167
0.000181118
0.00018107
0.000181022
0.000180973
0.000180925
0.000180877
0.000180829
0.00018078
0.000180732
0.000180684
0.000180636
0.000180588
0.000180539
0.000180491
0.000180443
0.000180395
0.000180347
0.000180299
0.000180251
0.000180203
0.000180155
0.000180107
0.000180059
0.000180011
0.000179963
0.000179915
0.000179867
0.000179819
0.000179771
0.000179723
0.000179675
0.000179627
0.000179579
0.000179531
0.000179484
0.000179436
0.000179388
0.00017934
0.000179292
0.000179245
0.000179197
0.000179149
0.000179101
0.000179054
0.000179006
0.000178958
0.000178911
0.000178863
0.000178815
0.000178768
0.00017872
0.000178673
0.000178625
0.000178577
0.00017853
0.000178482
0.000178435
0.000178387
0.00017834
0.000178292
0.000178245
0.000178197
0.00017815
0.000178103
0.000178055
0.000178008
0.00017796
0.000177913
0.000177866
0.000177818
0.000177771
0.000177724
0.000177676
0.000177629
0.000177582
0.000177535
0.000177487
0.00017744
0.000177393
0.000177346
0.000177299
0.000177251
0.000177204
0.000177157
0.00017711
0.000177063
0.000177016
0.000176969
0.000176922
0.000176875
0.000176828
0.000176781
0.000176734
0.000176687
0.00017664
0.000176593
0.000176546
0.000176499
0.000176452
0.000176405
0.000176358
0.000176311
0.000176264
0.000176218
0.000176171
0.000176124
0.000176077
0.00017603
0.000175983
0.000175937
0.00017589
0.000175843
0.000175797
0.00017575
0.000175703
0.000175656
0.00017561
0.000175563
0.000175517
0.00017547
0.000175423
0.000175377
0.00017533
0.000175284
0.000175237
0.00017519
0.000175144
0.000175097
0.000175051
0.000175004
0.000174958
0.000174912
0.000174865
0.000174819
0.000174772
0.000174726
0.000174679
0.000174633
0.000174587
0.00017454
0.000174494
0.000174448
0.000174401
0.000174355
0.000174309
0.000174263
0.000174216
0.00017417
0.000174124
0.000174078
0.000174032
0.000173985
0.000173939
0.000173893
0.000173847
0.000173801
0.000173755
0.000173709
0.000173663
0.000173616
0.00017357
0.000173524
0.000173478
0.000173432
0.000173386
0.00017334
0.000173294
0.000173248
0.000173203
0.000173157
0.000173111
0.000173065
0.000173019
0.000172973
0.000172927
0.000172881
0.000172836
0.00017279
0.000172744
0.000172698
0.000172652
0.000172607
0.000172561
0.000172515
0.000172469
0.000172424
0.000172378
0.000172332
0.000172287
0.000172241
0.000172195
0.00017215
0.000172104
0.000172059
0.000172013
0.000171967
0.000171922
0.000171876
0.000171831
0.000171785
0.00017174
0.000171694
0.000171649
0.000171603
0.000171558
0.000171512
0.000171467
0.000171422
0.000171376
0.000171331
0.000171285
0.00017124
0.000171195
0.000171149
0.000171104
0.000171059
0.000171014
0.000170968
0.000170923
0.000170878
0.000170833
0.000170787
0.000170742
0.000170697
0.000170652
0.000170607
0.000170561
0.000170516
0.000170471
0.000170426
0.000170381
0.000170336
0.000170291
0.000170246
0.000170201
0.000170156
0.000170111
0.000170066
0.000170021
0.000169976
0.000169931
0.000169886
0.000169841
0.000169796
0.000169751
0.000169706
0.000169661
0.000169616
0.000169572
0.000169527
0.000169482
0.000169437
0.000169392
0.000169348
0.000169303
0.000169258
0.000169213
0.000169169
0.000169124
0.000169079
0.000169034
0.00016899
0.000168945
0.0001689
0.000168856
0.000168811
0.000168767
0.000168722
0.000168677
0.000168633
0.000168588
0.000168544
0.000168499
0.000168455
0.00016841
0.000168366
0.000168321
0.000168277
0.000168232
0.000168188
0.000168143
0.000168099
0.000168054
0.00016801
0.000167966
0.000167921
0.000167877
0.000167833
0.000167788
0.000167744
0.0001677
0.000167655
0.000167611
0.000167567
0.000167523
0.000167478
0.000167434
0.00016739
0.000167346
0.000167302
0.000167257
0.000167213
0.000167169
0.000167125
0.000167081
0.000167037
0.000166993
0.000166949
0.000166905
0.000166861
0.000166817
0.000166772
0.000166728
0.000166684
0.00016664
0.000166597
0.000166553
0.000166509
0.000166465
0.000166421
0.000166377
0.000166333
0.000166289
0.000166245
0.000166201
0.000166158
0.000166114
0.00016607
0.000166026
0.000165982
0.000165939
0.000165895
0.000165851
0.000165807
0.000165764
0.00016572
0.000165676
0.000165632
0.000165589
0.000165545
0.000165501
0.000165458
0.000165414
0.000165371
0.000165327
0.000165283
0.00016524
0.000165196
0.000165153
0.000165109
0.000165066
0.000165022
0.000164979
0.000164935
0.000164892
0.000164848
0.000164805
0.000164761
0.000164718
0.000164675
0.000164631
0.000164588
0.000164544
0.000164501
0.000164458
0.000164414
0.000164371
0.000164328
0.000164284
0.000164241
0.000164198
0.000164155
0.000164111
0.000164068
0.000164025
0.000163982
0.000163939
0.000163895
0.000163852
0.000163809
0.000163766
0.000163723
0.00016368
0.000163637
0.000163594
0.00016355
0.000163507
0.000163464
0.000163421
0.000163378
0.000163335
0.000163292
0.000163249
0.000163206
0.000163163
0.00016312
0.000163078
0.000163035
0.000162992
0.000162949
0.000162906
0.000162863
0.00016282
0.000162777
0.000162734
0.000162692
0.000162649
0.000162606
0.000162563
0.00016252
0.000162478
0.000162435
0.000162392
0.00016235
0.000162307
0.000162264
0.000162221
0.000162179
0.000162136
0.000162093
0.000162051
0.000162008
0.000161966
0.000161923
0.00016188
0.000161838
0.000161795
0.000161753
0.00016171
0.000161668
0.000161625
0.000161583
0.00016154
0.000161498
0.000161455
0.000161413
0.00016137
0.000161328
0.000161286
0.000161243
0.000161201
0.000161158
0.000161116
0.000161074
0.000161031
0.000160989
0.000160947
0.000160904
0.000160862
0.00016082
0.000160778
0.000160735
0.000160693
0.000160651
0.000160609
0.000160566
0.000160524
0.000160482
0.00016044
0.000160398
0.000160356
0.000160313
0.000160271
0.000160229
0.000160187
0.000160145
0.000160103
0.000160061
0.000160019
0.000159977
0.000159935
0.000159893
0.000159851
0.000159809
0.000159767
0.000159725
0.000159683
0.000159641
0.000159599
0.000159557
0.000159515
0.000159473
0.000159432
0.00015939
0.000159348
0.000159306
0.000159264
0.000159222
0.000159181
0.000159139
0.000159097
0.000159055
0.000159014
0.000158972
0.00015893
0.000158888
0.000158847
0.000158805
0.000158763
0.000158722
0.00015868
0.000158638
0.000158597
0.000158555
0.000158513
0.000158472
0.00015843
0.000158389
0.000158347
0.000158306
0.000158264
0.000158223
0.000158181
0.00015814
0.000158098
0.000158057
0.000158015
0.000157974
0.000157932
0.000157891
0.000157849
0.000157808
0.000157767
0.000157725
0.000157684
0.000157643
0.000157601
0.00015756
0.000157519
0.000157477
0.000157436
0.000157395
0.000157353
0.000157312
0.000157271
0.00015723
0.000157188
0.000157147
0.000157106
0.000157065
0.000157024
0.000156983
0.000156941
0.0001569
0.000156859
0.000156818
0.000156777
0.000156736
0.000156695
0.000156654
0.000156613
0.000156572
0.000156531
0.00015649
0.000156449
0.000156408
0.000156367
0.000156326
0.000156285
0.000156244
0.000156203
0.000156162
0.000156121
0.00015608
0.000156039
0.000155998
0.000155957
0.000155916
0.000155876
0.000155835
0.000155794
0.000155753
0.000155712
0.000155672
0.000155631
0.00015559
0.000155549
0.000155509
0.000155468
0.000155427
0.000155386
0.000155346
0.000155305
0.000155264
0.000155224
0.000155183
0.000155142
0.000155102
0.000155061
0.000155021
0.00015498
0.00015494
0.000154899
0.000154858
0.000154818
0.000154777
0.000154737
0.000154696
0.000154656
0.000154615
0.000154575
0.000154534
0.000154494
0.000154454
0.000154413
0.000154373
0.000154332
0.000154292
0.000154252
0.000154211
0.000154171
0.000154131
0.00015409
0.00015405
0.00015401
0.000153969
0.000153929
0.000153889
0.000153848
0.000153808
0.000153768
0.000153728
0.000153688
0.000153647
0.000153607
0.000153567
0.000153527
0.000153487
0.000153447
0.000153406
0.000153366
0.000153326
0.000153286
0.000153246
0.000153206
0.000153166
0.000153126
0.000153086
0.000153046
0.000153006
0.000152966
0.000152926
0.000152886
0.000152846
0.000152806
0.000152766
0.000152726
0.000152686
0.000152646
0.000152606
0.000152566
0.000152526
0.000152487
0.000152447
0.000152407
0.000152367
0.000152327
0.000152287
0.000152248
0.000152208
0.000152168
0.000152128
0.000152088
0.000152049
0.000152009
0.000151969
0.00015193
0.00015189
0.00015185
0.000151811
0.000151771
0.000151731
0.000151692
0.000151652
0.000151612
0.000151573
0.000151533
0.000151494
0.000151454
0.000151414
0.000151375
0.000151335
0.000151296
0.000151256
0.000151217
0.000151177
0.000151138
0.000151098
0.000151059
0.000151019
0.00015098
0.000150941
0.000150901
0.000150862
0.000150822
0.000150783
0.000150744
0.000150704
0.000150665
0.000150626
0.000150586
0.000150547
0.000150508
0.000150468
0.000150429
0.00015039
0.00015035
0.000150311
0.000150272
0.000150233
0.000150194
0.000150154
0.000150115
0.000150076
0.000150037
0.000149998
0.000149959
0.000149919
0.00014988
0.000149841
0.000149802
0.000149763
0.000149724
0.000149685
0.000149646
0.000149607
0.000149568
0.000149529
0.00014949
0.000149451
0.000149412
0.000149373
0.000149334
0.000149295
0.000149256
0.000149217
0.000149178
0.000149139
0.0001491
0.000149061
0.000149022
0.000148983
0.000148945
0.000148906
0.000148867
0.000148828
0.000148789
0.000148751
0.000148712
0.000148673
0.000148634
0.000148595
0.000148557
0.000148518
0.000148479
0.00014844
0.000148402
0.000148363
0.000148324
0.000148286
0.000148247
0.000148208
0.00014817
0.000148131
0.000148093
0.000148054
0.000148015
0.000147977
0.000147938
0.0001479
0.000147861
0.000147823
0.000147784
0.000147746
0.000147707
0.000147669
0.00014763
0.000147592
0.000147553
0.000147515
0.000147476
0.000147438
0.000147399
0.000147361
0.000147323
0.000147284
0.000147246
0.000147207
0.000147169
0.000147131
0.000147092
0.000147054
0.000147016
0.000146977
0.000146939
0.000146901
0.000146863
0.000146824
0.000146786
0.000146748
0.00014671
0.000146671
0.000146633
0.000146595
0.000146557
0.000146519
0.000146481
0.000146442
0.000146404
0.000146366
0.000146328
0.00014629
0.000146252
0.000146214
0.000146176
0.000146138
0.0001461
0.000146062
0.000146023
0.000145985
0.000145947
0.000145909
0.000145871
0.000145833
0.000145796
0.000145758
0.00014572
0.000145682
0.000145644
0.000145606
0.000145568
0.00014553
0.000145492
0.000145454
0.000145416
0.000145379
0.000145341
0.000145303
0.000145265
0.000145227
0.00014519
0.000145152
0.000145114
0.000145076
0.000145038
0.000145001
0.000144963
0.000144925
0.000144888
0.00014485
0.000144812
0.000144774
0.000144737
0.000144699
0.000144662
0.000144624
0.000144586
0.000144549
0.000144511
0.000144473
0.000144436
0.000144398
0.000144361
0.000144323
0.000144286
0.000144248
0.000144211
0.000144173
0.000144136
0.000144098
0.000144061
0.000144023
0.000143986
0.000143948
0.000143911
0.000143873
0.000143836
0.000143799
0.000143761
0.000143724
0.000143686
0.000143649
0.000143612
0.000143574
0.000143537
0.0001435
0.000143462
0.000143425
0.000143388
0.000143351
0.000143313
0.000143276
0.000143239
0.000143202
0.000143164
0.000143127
0.00014309
0.000143053
0.000143016
0.000142978
0.000142941
0.000142904
0.000142867
0.00014283
0.000142793
0.000142756
0.000142718
0.000142681
0.000142644
0.000142607
0.00014257
0.000142533
0.000142496
0.000142459
0.000142422
0.000142385
0.000142348
0.000142311
0.000142274
0.000142237
0.0001422
0.000142163
0.000142126
0.000142089
0.000142052
0.000142016
0.000141979
0.000141942
0.000141905
0.000141868
0.000141831
0.000141794
0.000141758
0.000141721
0.000141684
0.000141647
0.00014161
0.000141574
0.000141537
0.0001415
0.000141463
0.000141427
0.00014139
0.000141353
0.000141316
0.00014128
0.000141243
0.000141206
0.00014117
0.000141133
0.000141096
0.00014106
0.000141023
0.000140987
0.00014095
0.000140913
0.000140877
0.00014084
0.000140804
0.000140767
0.000140731
0.000140694
0.000140657
0.000140621
0.000140584
0.000140548
0.000140511
0.000140475
0.000140439
0.000140402
0.000140366
0.000140329
0.000140293
0.000140256
0.00014022
0.000140184
0.000140147
0.000140111
0.000140074
0.000140038
0.000140002
0.000139965
0.000139929
0.000139893
0.000139857
0.00013982
0.000139784
0.000139748
0.000139711
0.000139675
0.000139639
0.000139603
0.000139567
0.00013953
0.000139494
0.000139458
0.000139422
0.000139386
0.000139349
0.000139313
0.000139277
0.000139241
0.000139205
0.000139169
0.000139133
0.000139097
0.000139061
0.000139024
0.000138988
0.000138952
0.000138916
0.00013888
0.000138844
0.000138808
0.000138772
0.000138736
0.0001387
0.000138664
0.000138628
0.000138592
0.000138557
0.000138521
0.000138485
0.000138449
0.000138413
0.000138377
0.000138341
0.000138305
0.000138269
0.000138234
0.000138198
0.000138162
0.000138126
0.00013809
0.000138055
0.000138019
0.000137983
0.000137947
0.000137911
0.000137876
0.00013784
0.000137804
0.000137768
0.000137733
0.000137697
0.000137661
0.000137626
0.00013759
0.000137554
0.000137519
0.000137483
0.000137447
0.000137412
0.000137376
0.000137341
0.000137305
0.00013727
0.000137234
0.000137198
0.000137163
0.000137127
0.000137092
0.000137056
0.000137021
0.000136985
0.00013695
0.000136914
0.000136879
0.000136843
0.000136808
0.000136772
0.000136737
0.000136702
0.000136666
0.000136631
0.000136595
0.00013656
0.000136525
0.000136489
0.000136454
0.000136419
0.000136383
0.000136348
0.000136313
0.000136277
0.000136242
0.000136207
0.000136171
0.000136136
0.000136101
0.000136066
0.000136031
0.000135995
0.00013596
0.000135925
0.00013589
0.000135854
0.000135819
0.000135784
0.000135749
0.000135714
0.000135679
0.000135644
0.000135608
0.000135573
0.000135538
0.000135503
0.000135468
0.000135433
0.000135398
0.000135363
0.000135328
0.000135293
0.000135258
0.000135223
0.000135188
0.000135153
0.000135118
0.000135083
0.000135048
0.000135013
0.000134978
0.000134943
0.000134908
0.000134873
0.000134838
0.000134803
0.000134769
0.000134734
0.000134699
0.000134664
0.000134629
0.000134594
0.000134559
0.000134525
0.00013449
0.000134455
0.00013442
0.000134385
0.000134351
0.000134316
0.000134281
0.000134246
0.000134212
0.000134177
0.000134142
0.000134108
0.000134073
0.000134038
0.000134004
0.000133969
0.000133934
0.0001339
0.000133865
0.00013383
0.000133796
0.000133761
0.000133727
0.000133692
0.000133657
0.000133623
0.000133588
0.000133554
0.000133519
0.000133485
0.00013345
0.000133416
0.000133381
0.000133347
0.000133312
0.000133278
0.000133243
0.000133209
0.000133174
0.00013314
0.000133105
0.000133071
0.000133037
0.000133002
0.000132968
0.000132933
0.000132899
0.000132865
0.00013283
0.000132796
0.000132762
0.000132727
0.000132693
0.000132659
0.000132624
0.00013259
0.000132556
0.000132522
0.000132487
0.000132453
0.000132419
0.000132385
0.00013235
0.000132316
0.000132282
0.000132248
0.000132214
0.00013218
0.000132145
0.000132111
0.000132077
0.000132043
0.000132009
0.000131975
0.000131941
0.000131907
0.000131872
0.000131838
0.000131804
0.00013177
0.000131736
0.000131702
0.000131668
0.000131634
0.0001316
0.000131566
0.000131532
0.000131498
0.000131464
0.00013143
0.000131396
0.000131362
0.000131328
0.000131294
0.00013126
0.000131227
0.000131193
0.000131159
0.000131125
0.000131091
0.000131057
0.000131023
0.000130989
0.000130956
0.000130922
0.000130888
0.000130854
0.00013082
0.000130787
0.000130753
0.000130719
0.000130685
0.000130652
0.000130618
0.000130584
0.00013055
0.000130517
0.000130483
0.000130449
0.000130416
0.000130382
0.000130348
0.000130315
0.000130281
0.000130247
0.000130214
0.00013018
0.000130146
0.000130113
0.000130079
0.000130046
0.000130012
0.000129979
0.000129945
0.000129911
0.000129878
0.000129844
0.000129811
0.000129777
0.000129744
0.00012971
0.000129677
0.000129643
0.00012961
0.000129576
0.000129543
0.00012951
0.000129476
0.000129443
0.000129409
0.000129376
0.000129343
0.000129309
0.000129276
0.000129242
0.000129209
0.000129176
0.000129142
0.000129109
0.000129076
0.000129042
0.000129009
0.000128976
0.000128943
0.000128909
0.000128876
0.000128843
0.00012881
0.000128776
0.000128743
0.00012871
0.000128677
0.000128643
0.00012861
0.000128577
0.000128544
0.000128511
0.000128478
0.000128444
0.000128411
0.000128378
0.000128345
0.000128312
0.000128279
0.000128246
0.000128213
0.00012818
0.000128147
0.000128113
0.00012808
0.000128047
0.000128014
0.000127981
0.000127948
0.000127915
0.000127882
0.000127849
0.000127816
0.000127783
0.00012775
0.000127718
0.000127685
0.000127652
0.000127619
0.000127586
0.000127553
0.00012752
0.000127487
0.000127454
0.000127421
0.000127389
0.000127356
0.000127323
0.00012729
0.000127257
0.000127224
0.000127192
0.000127159
0.000127126
0.000127093
0.00012706
0.000127028
0.000126995
0.000126962
0.00012693
0.000126897
0.000126864
0.000126831
0.000126799
0.000126766
0.000126733
0.000126701
0.000126668
0.000126635
0.000126603
0.00012657
0.000126537
0.000126505
0.000126472
0.00012644
0.000126407
0.000126374
0.000126342
0.000126309
0.000126277
0.000126244
0.000126212
0.000126179
0.000126147
0.000126114
0.000126082
0.000126049
0.000126017
0.000125984
0.000125952
0.000125919
0.000125887
0.000125854
0.000125822
0.00012579
0.000125757
0.000125725
0.000125692
0.00012566
0.000125628
0.000125595
0.000125563
0.00012553
0.000125498
0.000125466
0.000125433
0.000125401
0.000125369
0.000125337
0.000125304
0.000125272
0.00012524
0.000125207
0.000125175
0.000125143
0.000125111
0.000125079
0.000125046
0.000125014
0.000124982
0.00012495
0.000124917
0.000124885
0.000124853
0.000124821
0.000124789
0.000124757
0.000124725
0.000124692
0.00012466
0.000124628
0.000124596
0.000124564
0.000124532
0.0001245
0.000124468
0.000124436
0.000124404
0.000124372
0.00012434
0.000124308
0.000124276
0.000124244
0.000124212
0.00012418
0.000124148
0.000124116
0.000124084
0.000124052
0.00012402
0.000123988
0.000123956
0.000123924
0.000123892
0.00012386
0.000123828
0.000123797
0.000123765
0.000123733
0.000123701
0.000123669
0.000123637
0.000123605
0.000123574
0.000123542
0.00012351
0.000123478
0.000123446
0.000123415
0.000123383
0.000123351
0.000123319
0.000123288
0.000123256
0.000123224
0.000123193
0.000123161
0.000123129
0.000123097
0.000123066
0.000123034
0.000123002
0.000122971
0.000122939
0.000122907
0.000122876
0.000122844
0.000122813
0.000122781
0.000122749
0.000122718
0.000122686
0.000122655
0.000122623
0.000122592
0.00012256
0.000122529
0.000122497
0.000122465
0.000122434
0.000122402
0.000122371
0.000122339
0.000122308
0.000122277
0.000122245
0.000122214
0.000122182
0.000122151
0.000122119
0.000122088
0.000122057
0.000122025
0.000121994
0.000121962
0.000121931
0.0001219
0.000121868
0.000121837
0.000121806
0.000121774
0.000121743
0.000121712
0.00012168
0.000121649
0.000121618
0.000121586
0.000121555
0.000121524
0.000121493
0.000121461
0.00012143
0.000121399
0.000121368
0.000121336
0.000121305
0.000121274
0.000121243
0.000121212
0.000121181
0.000121149
0.000121118
0.000121087
0.000121056
0.000121025
0.000120994
0.000120963
0.000120932
0.0001209
0.000120869
0.000120838
0.000120807
0.000120776
0.000120745
0.000120714
0.000120683
0.000120652
0.000120621
0.00012059
0.000120559
0.000120528
0.000120497
0.000120466
0.000120435
0.000120404
0.000120373
0.000120342
0.000120311
0.00012028
0.000120249
0.000120218
0.000120188
0.000120157
0.000120126
0.000120095
0.000120064
0.000120033
0.000120002
0.000119971
0.000119941
0.00011991
0.000119879
0.000119848
0.000119817
0.000119787
0.000119756
0.000119725
0.000119694
0.000119664
0.000119633
0.000119602
0.000119571
0.000119541
0.00011951
0.000119479
0.000119448
0.000119418
0.000119387
0.000119356
0.000119326
0.000119295
0.000119264
0.000119234
0.000119203
0.000119172
0.000119142
0.000119111
0.000119081
0.00011905
0.000119019
0.000118989
0.000118958
0.000118928
0.000118897
0.000118867
0.000118836
0.000118806
0.000118775
0.000118745
0.000118714
0.000118684
0.000118653
0.000118623
0.000118592
0.000118562
0.000118531
0.000118501
0.00011847
0.00011844
0.000118409
0.000118379
0.000118349
0.000118318
0.000118288
0.000118257
0.000118227
0.000118197
0.000118166
0.000118136
0.000118106
0.000118075
0.000118045
0.000118015
0.000117984
0.000117954
0.000117924
0.000117894
0.000117863
0.000117833
0.000117803
0.000117772
0.000117742
0.000117712
0.000117682
0.000117652
0.000117621
0.000117591
0.000117561
0.000117531
0.000117501
0.00011747
0.00011744
0.00011741
0.00011738
0.00011735
0.00011732
0.00011729
0.000117259
0.000117229
0.000117199
0.000117169
0.000117139
0.000117109
0.000117079
0.000117049
0.000117019
0.000116989
0.000116959
0.000116929
0.000116899
0.000116869
0.000116839
0.000116809
0.000116779
0.000116749
0.000116719
0.000116689
0.000116659
0.000116629
0.000116599
0.000116569
0.000116539
0.000116509
0.000116479
0.000116449
0.00011642
0.00011639
0.00011636
0.00011633
0.0001163
0.00011627
0.00011624
0.000116211
0.000116181
0.000116151
0.000116121
0.000116091
0.000116062
0.000116032
0.000116002
0.000115972
0.000115942
0.000115913
0.000115883
0.000115853
0.000115824
0.000115794
0.000115764
0.000115734
0.000115705
0.000115675
0.000115645
0.000115616
0.000115586
0.000115556
0.000115527
0.000115497
0.000115467
0.000115438
0.000115408
0.000115379
0.000115349
0.000115319
0.00011529
0.00011526
0.000115231
0.000115201
0.000115172
0.000115142
0.000115112
0.000115083
0.000115053
0.000115024
0.000114994
0.000114965
0.000114935
0.000114906
0.000114876
0.000114847
0.000114817
0.000114788
0.000114759
0.000114729
0.0001147
0.00011467
0.000114641
0.000114612
0.000114582
0.000114553
0.000114523
0.000114494
0.000114465
0.000114435
0.000114406
0.000114377
0.000114347
0.000114318
0.000114289
0.000114259
0.00011423
0.000114201
0.000114171
0.000114142
0.000114113
0.000114084
0.000114054
0.000114025
0.000113996
0.000113967
0.000113937
0.000113908
0.000113879
0.00011385
0.000113821
0.000113791
0.000113762
0.000113733
0.000113704
0.000113675
0.000113646
0.000113616
0.000113587
0.000113558
0.000113529
0.0001135
0.000113471
0.000113442
0.000113413
0.000113384
0.000113355
0.000113326
0.000113297
0.000113267
0.000113238
0.000113209
0.00011318
0.000113151
0.000113122
0.000113093
0.000113064
0.000113035
0.000113006
0.000112977
0.000112948
0.00011292
0.000112891
0.000112862
0.000112833
0.000112804
0.000112775
0.000112746
0.000112717
0.000112688
0.000112659
0.00011263
0.000112602
0.000112573
0.000112544
0.000112515
0.000112486
0.000112457
0.000112429
0.0001124
0.000112371
0.000112342
0.000112313
0.000112285
0.000112256
0.000112227
0.000112198
0.00011217
0.000112141
0.000112112
0.000112083
0.000112055
0.000112026
0.000111997
0.000111969
0.00011194
0.000111911
0.000111882
0.000111854
0.000111825
0.000111796
0.000111768
0.000111739
0.000111711
0.000111682
0.000111653
0.000111625
0.000111596
0.000111568
0.000111539
0.00011151
0.000111482
0.000111453
0.000111425
0.000111396
0.000111368
0.000111339
0.000111311
0.000111282
0.000111254
0.000111225
0.000111197
0.000111168
0.00011114
0.000111111
0.000111083
0.000111054
0.000111026
0.000110997
0.000110969
0.000110941
0.000110912
0.000110884
0.000110855
0.000110827
0.000110799
0.00011077
0.000110742
0.000110713
0.000110685
0.000110657
0.000110628
0.0001106
0.000110572
0.000110543
0.000110515
0.000110487
0.000110459
0.00011043
0.000110402
0.000110374
0.000110345
0.000110317
0.000110289
0.000110261
0.000110232
0.000110204
0.000110176
0.000110148
0.00011012
0.000110091
0.000110063
0.000110035
0.000110007
0.000109979
0.000109951
0.000109922
0.000109894
0.000109866
0.000109838
0.00010981
0.000109782
0.000109754
0.000109726
0.000109697
0.000109669
0.000109641
0.000109613
0.000109585
0.000109557
0.000109529
0.000109501
0.000109473
0.000109445
0.000109417
0.000109389
0.000109361
0.000109333
0.000109305
0.000109277
0.000109249
0.000109221
0.000109193
0.000109165
0.000109137
0.000109109
0.000109081
0.000109053
0.000109025
0.000108998
0.00010897
0.000108942
0.000108914
0.000108886
0.000108858
0.00010883
0.000108802
0.000108775
0.000108747
0.000108719
0.000108691
0.000108663
0.000108635
0.000108608
0.00010858
0.000108552
0.000108524
0.000108497
0.000108469
0.000108441
0.000108413
0.000108386
0.000108358
0.00010833
0.000108302
0.000108275
0.000108247
0.000108219
0.000108192
0.000108164
0.000108136
0.000108108
0.000108081
0.000108053
0.000108026
0.000107998
0.00010797
0.000107943
0.000107915
0.000107887
0.00010786
0.000107832
0.000107805
0.000107777
0.000107749
0.000107722
0.000107694
0.000107667
0.000107639
0.000107612
0.000107584
0.000107557
0.000107529
0.000107502
0.000107474
0.000107447
0.000107419
0.000107392
0.000107364
0.000107337
0.000107309
0.000107282
0.000107254
0.000107227
0.000107199
0.000107172
0.000107145
0.000107117
0.00010709
0.000107062
0.000107035
0.000107008
0.00010698
0.000106953
0.000106926
0.000106898
0.000106871
0.000106844
0.000106816
0.000106789
0.000106762
0.000106734
0.000106707
0.00010668
0.000106652
0.000106625
0.000106598
0.000106571
0.000106543
0.000106516
0.000106489
0.000106462
0.000106434
0.000106407
0.00010638
0.000106353
0.000106326
0.000106298
0.000106271
0.000106244
0.000106217
0.00010619
0.000106163
0.000106135
0.000106108
0.000106081
0.000106054
0.000106027
0.000106
0.000105973
0.000105946
0.000105919
0.000105891
0.000105864
0.000105837
0.00010581
0.000105783
0.000105756
0.000105729
0.000105702
0.000105675
0.000105648
0.000105621
0.000105594
0.000105567
0.00010554
0.000105513
0.000105486
0.000105459
0.000105432
0.000105405
0.000105378
0.000105351
0.000105324
0.000105297
0.000105271
0.000105244
0.000105217
0.00010519
0.000105163
0.000105136
0.000105109
0.000105082
0.000105055
0.000105029
0.000105002
0.000104975
0.000104948
0.000104921
0.000104894
0.000104868
0.000104841
0.000104814
0.000104787
0.00010476
0.000104734
0.000104707
0.00010468
0.000104653
0.000104627
0.0001046
0.000104573
0.000104546
0.00010452
0.000104493
0.000104466
0.00010444
0.000104413
0.000104386
0.00010436
0.000104333
0.000104306
0.00010428
0.000104253
0.000104226
0.0001042
0.000104173
0.000104146
0.00010412
0.000104093
0.000104067
0.00010404
0.000104013
0.000103987
0.00010396
0.000103934
0.000103907
0.000103881
0.000103854
0.000103828
0.000103801
0.000103774
0.000103748
0.000103721
0.000103695
0.000103668
0.000103642
0.000103615
0.000103589
0.000103563
0.000103536
0.00010351
0.000103483
0.000103457
0.00010343
0.000103404
0.000103377
0.000103351
0.000103325
0.000103298
0.000103272
0.000103246
0.000103219
0.000103193
0.000103166
0.00010314
0.000103114
0.000103087
0.000103061
0.000103035
0.000103008
0.000102982
0.000102956
0.000102929
0.000102903
0.000102877
0.000102851
0.000102824
0.000102798
0.000102772
0.000102746
0.000102719
0.000102693
0.000102667
0.000102641
0.000102614
0.000102588
0.000102562
0.000102536
0.00010251
0.000102483
0.000102457
0.000102431
0.000102405
0.000102379
0.000102353
0.000102326
0.0001023
0.000102274
0.000102248
0.000102222
0.000102196
0.00010217
0.000102144
0.000102118
0.000102092
0.000102065
0.000102039
0.000102013
0.000101987
0.000101961
0.000101935
0.000101909
0.000101883
0.000101857
0.000101831
0.000101805
0.000101779
0.000101753
0.000101727
0.000101701
0.000101675
0.000101649
0.000101623
0.000101597
0.000101571
0.000101545
0.00010152
0.000101494
0.000101468
0.000101442
0.000101416
0.00010139
0.000101364
0.000101338
0.000101312
0.000101287
0.000101261
0.000101235
0.000101209
0.000101183
0.000101157
0.000101131
0.000101106
0.00010108
0.000101054
0.000101028
0.000101002
0.000100977
0.000100951
0.000100925
0.000100899
0.000100874
0.000100848
0.000100822
0.000100796
0.000100771
0.000100745
0.000100719
0.000100693
0.000100668
0.000100642
0.000100616
0.000100591
0.000100565
0.000100539
0.000100514
0.000100488
0.000100462
0.000100437
0.000100411
0.000100385
0.00010036
0.000100334
0.000100309
0.000100283
0.000100257
0.000100232
0.000100206
0.000100181
0.000100155
0.00010013
0.000100104
0.000100078
0.000100053
0.000100027
0.000100002
9.99763e-05
