0.0049999
0.00499478
0.00498971
0.00498466
0.00497961
0.00497458
0.00496955
0.00496453
0.00495952
0.00495451
0.00494951
0.00494451
0.00493952
0.00493454
0.00492956
0.00492459
0.00491962
0.00491466
0.00490971
0.00490476
0.00489981
0.00489487
0.00488994
0.00488501
0.00488008
0.00487517
0.00487025
0.00486534
0.00486044
0.00485554
0.00485065
0.00484576
0.00484088
0.004836
0.00483113
0.00482626
0.0048214
0.00481654
0.00481169
0.00480684
0.004802
0.00479716
0.00479233
0.00478751
0.00478268
0.00477787
0.00477305
0.00476825
0.00476344
0.00475865
0.00475385
0.00474907
0.00474428
0.00473951
0.00473473
0.00472996
0.0047252
0.00472044
0.00471569
0.00471094
0.0047062
0.00470146
0.00469672
0.004692
0.00468727
0.00468255
0.00467784
0.00467313
0.00466842
0.00466372
0.00465903
0.00465433
0.00464965
0.00464497
0.00464029
0.00463562
0.00463095
0.00462629
0.00462163
0.00461698
0.00461233
0.00460769
0.00460305
0.00459842
0.00459379
0.00458916
0.00458454
0.00457993
0.00457532
0.00457071
0.00456611
0.00456151
0.00455692
0.00455233
0.00454775
0.00454317
0.0045386
0.00453403
0.00452947
0.00452491
0.00452036
0.00451581
0.00451126
0.00450672
0.00450218
0.00449765
0.00449312
0.0044886
0.00448408
0.00447957
0.00447506
0.00447056
0.00446606
0.00446156
0.00445707
0.00445259
0.00444811
0.00444363
0.00443916
0.00443469
0.00443023
0.00442577
0.00442131
0.00441686
0.00441242
0.00440798
0.00440354
0.00439911
0.00439468
0.00439026
0.00438584
0.00438143
0.00437702
0.00437261
0.00436821
0.00436382
0.00435942
0.00435504
0.00435065
0.00434628
0.0043419
0.00433753
0.00433317
0.00432881
0.00432445
0.0043201
0.00431575
0.00431141
0.00430707
0.00430273
0.00429841
0.00429408
0.00428976
0.00428544
0.00428113
0.00427682
0.00427252
0.00426822
0.00426392
0.00425963
0.00425535
0.00425106
0.00424679
0.00424251
0.00423824
0.00423398
0.00422972
0.00422546
0.00422121
0.00421696
0.00421272
0.00420848
0.00420425
0.00420002
0.00419579
0.00419157
0.00418735
0.00418314
0.00417893
0.00417472
0.00417052
0.00416632
0.00416213
0.00415794
0.00415376
0.00414958
0.00414541
0.00414123
0.00413707
0.00413291
0.00412875
0.00412459
0.00412044
0.0041163
0.00411215
0.00410802
0.00410388
0.00409975
0.00409563
0.00409151
0.00408739
0.00408328
0.00407917
0.00407507
0.00407097
0.00406687
0.00406278
0.00405869
0.00405461
0.00405053
0.00404645
0.00404238
0.00403831
0.00403425
0.00403019
0.00402614
0.00402209
0.00401804
0.004014
0.00400996
0.00400592
0.00400189
0.00399787
0.00399384
0.00398983
0.00398581
0.0039818
0.0039778
0.00397379
0.0039698
0.0039658
0.00396181
0.00395783
0.00395384
0.00394987
0.00394589
0.00394192
0.00393796
0.00393399
0.00393004
0.00392608
0.00392213
0.00391819
0.00391424
0.00391031
0.00390637
0.00390244
0.00389852
0.00389459
0.00389068
0.00388676
0.00388285
0.00387894
0.00387504
0.00387114
0.00386725
0.00386336
0.00385947
0.00385559
0.00385171
0.00384783
0.00384396
0.0038401
0.00383623
0.00383237
0.00382852
0.00382467
0.00382082
0.00381697
0.00381313
0.0038093
0.00380547
0.00380164
0.00379781
0.00379399
0.00379018
0.00378636
0.00378255
0.00377875
0.00377495
0.00377115
0.00376735
0.00376356
0.00375978
0.003756
0.00375222
0.00374844
0.00374467
0.0037409
0.00373714
0.00373338
0.00372963
0.00372587
0.00372213
0.00371838
0.00371464
0.0037109
0.00370717
0.00370344
0.00369971
0.00369599
0.00369227
0.00368856
0.00368485
0.00368114
0.00367744
0.00367374
0.00367004
0.00366635
0.00366266
0.00365898
0.0036553
0.00365162
0.00364795
0.00364428
0.00364061
0.00363695
0.00363329
0.00362964
0.00362598
0.00362234
0.00361869
0.00361505
0.00361142
0.00360778
0.00360415
0.00360053
0.00359691
0.00359329
0.00358967
0.00358606
0.00358245
0.00357885
0.00357525
0.00357165
0.00356806
0.00356447
0.00356088
0.0035573
0.00355372
0.00355015
0.00354658
0.00354301
0.00353945
0.00353589
0.00353233
0.00352878
0.00352523
0.00352168
0.00351814
0.0035146
0.00351106
0.00350753
0.003504
0.00350048
0.00349696
0.00349344
0.00348992
0.00348641
0.00348291
0.0034794
0.0034759
0.00347241
0.00346891
0.00346542
0.00346194
0.00345845
0.00345497
0.0034515
0.00344803
0.00344456
0.00344109
0.00343763
0.00343417
0.00343072
0.00342727
0.00342382
0.00342038
0.00341694
0.0034135
0.00341007
0.00340663
0.00340321
0.00339978
0.00339636
0.00339295
0.00338953
0.00338613
0.00338272
0.00337932
0.00337592
0.00337252
0.00336913
0.00336574
0.00336235
0.00335897
0.00335559
0.00335222
0.00334884
0.00334548
0.00334211
0.00333875
0.00333539
0.00333204
0.00332868
0.00332534
0.00332199
0.00331865
0.00331531
0.00331198
0.00330864
0.00330532
0.00330199
0.00329867
0.00329535
0.00329204
0.00328872
0.00328542
0.00328211
0.00327881
0.00327551
0.00327222
0.00326892
0.00326564
0.00326235
0.00325907
0.00325579
0.00325252
0.00324924
0.00324598
0.00324271
0.00323945
0.00323619
0.00323294
0.00322968
0.00322643
0.00322319
0.00321995
0.00321671
0.00321347
0.00321024
0.00320701
0.00320378
0.00320056
0.00319734
0.00319413
0.00319091
0.0031877
0.0031845
0.00318129
0.00317809
0.0031749
0.0031717
0.00316851
0.00316532
0.00316214
0.00315896
0.00315578
0.00315261
0.00314944
0.00314627
0.0031431
0.00313994
0.00313678
0.00313363
0.00313048
0.00312733
0.00312418
0.00312104
0.0031179
0.00311476
0.00311163
0.0031085
0.00310537
0.00310225
0.00309913
0.00309601
0.0030929
0.00308979
0.00308668
0.00308357
0.00308047
0.00307737
0.00307428
0.00307118
0.00306809
0.00306501
0.00306193
0.00305885
0.00305577
0.00305269
0.00304962
0.00304656
0.00304349
0.00304043
0.00303737
0.00303432
0.00303126
0.00302822
0.00302517
0.00302213
0.00301909
0.00301605
0.00301302
0.00300998
0.00300696
0.00300393
0.00300091
0.00299789
0.00299488
0.00299186
0.00298885
0.00298585
0.00298284
0.00297984
0.00297685
0.00297385
0.00297086
0.00296787
0.00296489
0.0029619
0.00295892
0.00295595
0.00295298
0.00295
0.00294704
0.00294407
0.00294111
0.00293815
0.0029352
0.00293224
0.0029293
0.00292635
0.00292341
0.00292046
0.00291753
0.00291459
0.00291166
0.00290873
0.00290581
0.00290288
0.00289996
0.00289705
0.00289413
0.00289122
0.00288831
0.00288541
0.0028825
0.0028796
0.00287671
0.00287381
0.00287092
0.00286804
0.00286515
0.00286227
0.00285939
0.00285651
0.00285364
0.00285077
0.0028479
0.00284504
0.00284217
0.00283932
0.00283646
0.00283361
0.00283076
0.00282791
0.00282506
0.00282222
0.00281938
0.00281655
0.00281371
0.00281088
0.00280806
0.00280523
0.00280241
0.00279959
0.00279677
0.00279396
0.00279115
0.00278834
0.00278554
0.00278274
0.00277994
0.00277714
0.00277435
0.00277156
0.00276877
0.00276598
0.0027632
0.00276042
0.00275764
0.00275487
0.0027521
0.00274933
0.00274657
0.0027438
0.00274104
0.00273829
0.00273553
0.00273278
0.00273003
0.00272728
0.00272454
0.0027218
0.00271906
0.00271633
0.00271359
0.00271087
0.00270814
0.00270541
0.00270269
0.00269997
0.00269726
0.00269454
0.00269183
0.00268913
0.00268642
0.00268372
0.00268102
0.00267832
0.00267563
0.00267294
0.00267025
0.00266756
0.00266488
0.0026622
0.00265952
0.00265684
0.00265417
0.0026515
0.00264884
0.00264617
0.00264351
0.00264085
0.00263819
0.00263554
0.00263289
0.00263024
0.00262759
0.00262495
0.00262231
0.00261967
0.00261704
0.0026144
0.00261177
0.00260915
0.00260652
0.0026039
0.00260128
0.00259866
0.00259605
0.00259344
0.00259083
0.00258822
0.00258562
0.00258302
0.00258042
0.00257783
0.00257523
0.00257264
0.00257005
0.00256747
0.00256489
0.00256231
0.00255973
0.00255715
0.00255458
0.00255201
0.00254944
0.00254688
0.00254432
0.00254176
0.0025392
0.00253665
0.0025341
0.00253155
0.002529
0.00252646
0.00252391
0.00252138
0.00251884
0.00251631
0.00251377
0.00251125
0.00250872
0.0025062
0.00250367
0.00250116
0.00249864
0.00249613
0.00249362
0.00249111
0.0024886
0.0024861
0.0024836
0.0024811
0.0024786
0.00247611
0.00247362
0.00247113
0.00246864
0.00246616
0.00246368
0.0024612
0.00245873
0.00245625
0.00245378
0.00245131
0.00244885
0.00244638
0.00244392
0.00244146
0.00243901
0.00243656
0.0024341
0.00243166
0.00242921
0.00242677
0.00242432
0.00242189
0.00241945
0.00241702
0.00241458
0.00241216
0.00240973
0.0024073
0.00240488
0.00240246
0.00240005
0.00239763
0.00239522
0.00239281
0.0023904
0.002388
0.0023856
0.0023832
0.0023808
0.0023784
0.00237601
0.00237362
0.00237123
0.00236885
0.00236647
0.00236409
0.00236171
0.00235933
0.00235696
0.00235459
0.00235222
0.00234985
0.00234749
0.00234513
0.00234277
0.00234041
0.00233806
0.0023357
0.00233335
0.00233101
0.00232866
0.00232632
0.00232398
0.00232164
0.00231931
0.00231697
0.00231464
0.00231231
0.00230999
0.00230766
0.00230534
0.00230302
0.00230071
0.00229839
0.00229608
0.00229377
0.00229146
0.00228916
0.00228685
0.00228455
0.00228226
0.00227996
0.00227767
0.00227538
0.00227309
0.0022708
0.00226852
0.00226623
0.00226395
0.00226168
0.0022594
0.00225713
0.00225486
0.00225259
0.00225032
0.00224806
0.0022458
0.00224354
0.00224128
0.00223903
0.00223677
0.00223452
0.00223228
0.00223003
0.00222779
0.00222555
0.00222331
0.00222107
0.00221884
0.0022166
0.00221437
0.00221215
0.00220992
0.0022077
0.00220548
0.00220326
0.00220104
0.00219883
0.00219661
0.00219441
0.0021922
0.00218999
0.00218779
0.00218559
0.00218339
0.00218119
0.002179
0.00217681
0.00217462
0.00217243
0.00217024
0.00216806
0.00216588
0.0021637
0.00216152
0.00215935
0.00215718
0.00215501
0.00215284
0.00215067
0.00214851
0.00214635
0.00214419
0.00214203
0.00213988
0.00213772
0.00213557
0.00213342
0.00213128
0.00212913
0.00212699
0.00212485
0.00212272
0.00212058
0.00211845
0.00211632
0.00211419
0.00211206
0.00210993
0.00210781
0.00210569
0.00210357
0.00210146
0.00209934
0.00209723
0.00209512
0.00209301
0.00209091
0.0020888
0.0020867
0.0020846
0.00208251
0.00208041
0.00207832
0.00207623
0.00207414
0.00207205
0.00206997
0.00206788
0.0020658
0.00206373
0.00206165
0.00205958
0.0020575
0.00205543
0.00205337
0.0020513
0.00204924
0.00204717
0.00204512
0.00204306
0.002041
0.00203895
0.0020369
0.00203485
0.0020328
0.00203076
0.00202871
0.00202667
0.00202463
0.0020226
0.00202056
0.00201853
0.0020165
0.00201447
0.00201244
0.00201042
0.0020084
0.00200638
0.00200436
0.00200234
0.00200033
0.00199831
0.0019963
0.00199429
0.00199229
0.00199028
0.00198828
0.00198628
0.00198428
0.00198229
0.00198029
0.0019783
0.00197631
0.00197432
0.00197234
0.00197035
0.00196837
0.00196639
0.00196441
0.00196243
0.00196046
0.00195849
0.00195652
0.00195455
0.00195258
0.00195062
0.00194866
0.00194669
0.00194474
0.00194278
0.00194082
0.00193887
0.00193692
0.00193497
0.00193303
0.00193108
0.00192914
0.0019272
0.00192526
0.00192332
0.00192139
0.00191945
0.00191752
0.00191559
0.00191367
0.00191174
0.00190982
0.0019079
0.00190598
0.00190406
0.00190214
0.00190023
0.00189832
0.00189641
0.0018945
0.00189259
0.00189069
0.00188879
0.00188689
0.00188499
0.00188309
0.0018812
0.00187931
0.00187742
0.00187553
0.00187364
0.00187175
0.00186987
0.00186799
0.00186611
0.00186423
0.00186236
0.00186048
0.00185861
0.00185674
0.00185487
0.00185301
0.00185114
0.00184928
0.00184742
0.00184556
0.0018437
0.00184185
0.00184
0.00183815
0.0018363
0.00183445
0.0018326
0.00183076
0.00182892
0.00182708
0.00182524
0.0018234
0.00182157
0.00181974
0.0018179
0.00181608
0.00181425
0.00181242
0.0018106
0.00180878
0.00180696
0.00180514
0.00180332
0.00180151
0.0017997
0.00179789
0.00179608
0.00179427
0.00179247
0.00179066
0.00178886
0.00178706
0.00178526
0.00178347
0.00178167
0.00177988
0.00177809
0.0017763
0.00177451
0.00177273
0.00177094
0.00176916
0.00176738
0.0017656
0.00176383
0.00176205
0.00176028
0.00175851
0.00175674
0.00175497
0.00175321
0.00175144
0.00174968
0.00174792
0.00174616
0.0017444
0.00174265
0.0017409
0.00173914
0.00173739
0.00173565
0.0017339
0.00173216
0.00173041
0.00172867
0.00172693
0.0017252
0.00172346
0.00172173
0.00171999
0.00171826
0.00171653
0.00171481
0.00171308
0.00171136
0.00170964
0.00170792
0.0017062
0.00170448
0.00170277
0.00170105
0.00169934
0.00169763
0.00169592
0.00169422
0.00169251
0.00169081
0.00168911
0.00168741
0.00168571
0.00168401
0.00168232
0.00168063
0.00167894
0.00167725
0.00167556
0.00167387
0.00167219
0.00167051
0.00166883
0.00166715
0.00166547
0.00166379
0.00166212
0.00166045
0.00165878
0.00165711
0.00165544
0.00165378
0.00165211
0.00165045
0.00164879
0.00164713
0.00164547
0.00164382
0.00164216
0.00164051
0.00163886
0.00163721
0.00163556
0.00163392
0.00163227
0.00163063
0.00162899
0.00162735
0.00162571
0.00162408
0.00162244
0.00162081
0.00161918
0.00161755
0.00161592
0.0016143
0.00161267
0.00161105
0.00160943
0.00160781
0.00160619
0.00160458
0.00160296
0.00160135
0.00159974
0.00159813
0.00159652
0.00159492
0.00159331
0.00159171
0.00159011
0.00158851
0.00158691
0.00158531
0.00158372
0.00158212
0.00158053
0.00157894
0.00157735
0.00157576
0.00157418
0.00157259
0.00157101
0.00156943
0.00156785
0.00156628
0.0015647
0.00156312
0.00156155
0.00155998
0.00155841
0.00155684
0.00155528
0.00155371
0.00155215
0.00155059
0.00154903
0.00154747
0.00154591
0.00154436
0.0015428
0.00154125
0.0015397
0.00153815
0.0015366
0.00153506
0.00153351
0.00153197
0.00153043
0.00152889
0.00152735
0.00152581
0.00152428
0.00152274
0.00152121
0.00151968
0.00151815
0.00151662
0.0015151
0.00151357
0.00151205
0.00151053
0.00150901
0.00150749
0.00150597
0.00150446
0.00150294
0.00150143
0.00149992
0.00149841
0.0014969
0.0014954
0.00149389
0.00149239
0.00149089
0.00148939
0.00148789
0.00148639
0.0014849
0.0014834
0.00148191
0.00148042
0.00147893
0.00147744
0.00147595
0.00147447
0.00147299
0.0014715
0.00147002
0.00146854
0.00146707
0.00146559
0.00146411
0.00146264
0.00146117
0.0014597
0.00145823
0.00145676
0.0014553
0.00145383
0.00145237
0.00145091
0.00144945
0.00144799
0.00144653
0.00144508
0.00144362
0.00144217
0.00144072
0.00143927
0.00143782
0.00143638
0.00143493
0.00143349
0.00143204
0.0014306
0.00142916
0.00142773
0.00142629
0.00142485
0.00142342
0.00142199
0.00142056
0.00141913
0.0014177
0.00141627
0.00141485
0.00141342
0.001412
0.00141058
0.00140916
0.00140774
0.00140633
0.00140491
0.0014035
0.00140209
0.00140067
0.00139927
0.00139786
0.00139645
0.00139505
0.00139364
0.00139224
0.00139084
0.00138944
0.00138804
0.00138664
0.00138525
0.00138386
0.00138246
0.00138107
0.00137968
0.00137829
0.00137691
0.00137552
0.00137414
0.00137275
0.00137137
0.00136999
0.00136861
0.00136724
0.00136586
0.00136449
0.00136311
0.00136174
0.00136037
0.001359
0.00135764
0.00135627
0.0013549
0.00135354
0.00135218
0.00135082
0.00134946
0.0013481
0.00134674
0.00134539
0.00134404
0.00134268
0.00134133
0.00133998
0.00133863
0.00133729
0.00133594
0.0013346
0.00133325
0.00133191
0.00133057
0.00132923
0.0013279
0.00132656
0.00132522
0.00132389
0.00132256
0.00132123
0.0013199
0.00131857
0.00131724
0.00131592
0.00131459
0.00131327
0.00131195
0.00131063
0.00130931
0.00130799
0.00130668
0.00130536
0.00130405
0.00130274
0.00130143
0.00130012
0.00129881
0.0012975
0.00129619
0.00129489
0.00129359
0.00129229
0.00129099
0.00128969
0.00128839
0.00128709
0.0012858
0.0012845
0.00128321
0.00128192
0.00128063
0.00127934
0.00127805
0.00127677
0.00127548
0.0012742
0.00127292
0.00127164
0.00127036
0.00126908
0.0012678
0.00126652
0.00126525
0.00126398
0.00126271
0.00126143
0.00126017
0.0012589
0.00125763
0.00125636
0.0012551
0.00125384
0.00125258
0.00125132
0.00125006
0.0012488
0.00124754
0.00124629
0.00124503
0.00124378
0.00124253
0.00124128
0.00124003
0.00123878
0.00123753
0.00123629
0.00123504
0.0012338
0.00123256
0.00123132
0.00123008
0.00122884
0.00122761
0.00122637
0.00122514
0.0012239
0.00122267
0.00122144
0.00122021
0.00121898
0.00121776
0.00121653
0.00121531
0.00121409
0.00121286
0.00121164
0.00121042
0.00120921
0.00120799
0.00120677
0.00120556
0.00120435
0.00120313
0.00120192
0.00120071
0.0011995
0.0011983
0.00119709
0.00119589
0.00119468
0.00119348
0.00119228
0.00119108
0.00118988
0.00118868
0.00118749
0.00118629
0.0011851
0.00118391
0.00118272
0.00118153
0.00118034
0.00117915
0.00117796
0.00117678
0.00117559
0.00117441
0.00117323
0.00117205
0.00117087
0.00116969
0.00116851
0.00116734
0.00116616
0.00116499
0.00116382
0.00116264
0.00116147
0.00116031
0.00115914
0.00115797
0.00115681
0.00115564
0.00115448
0.00115332
0.00115216
0.001151
0.00114984
0.00114868
0.00114753
0.00114637
0.00114522
0.00114407
0.00114291
0.00114176
0.00114061
0.00113947
0.00113832
0.00113717
0.00113603
0.00113489
0.00113374
0.0011326
0.00113146
0.00113033
0.00112919
0.00112805
0.00112692
0.00112578
0.00112465
0.00112352
0.00112239
0.00112126
0.00112013
0.001119
0.00111788
0.00111675
0.00111563
0.0011145
0.00111338
0.00111226
0.00111114
0.00111002
0.00110891
0.00110779
0.00110668
0.00110556
0.00110445
0.00110334
0.00110223
0.00110112
0.00110001
0.0010989
0.0010978
0.00109669
0.00109559
0.00109449
0.00109339
0.00109229
0.00109119
0.00109009
0.00108899
0.0010879
0.0010868
0.00108571
0.00108461
0.00108352
0.00108243
0.00108134
0.00108025
0.00107917
0.00107808
0.001077
0.00107591
0.00107483
0.00107375
0.00107267
0.00107159
0.00107051
0.00106943
0.00106836
0.00106728
0.00106621
0.00106513
0.00106406
0.00106299
0.00106192
0.00106085
0.00105979
0.00105872
0.00105765
0.00105659
0.00105553
0.00105446
0.0010534
0.00105234
0.00105128
0.00105023
0.00104917
0.00104811
0.00104706
0.001046
0.00104495
0.0010439
0.00104285
0.0010418
0.00104075
0.0010397
0.00103866
0.00103761
0.00103657
0.00103552
0.00103448
0.00103344
0.0010324
0.00103136
0.00103032
0.00102929
0.00102825
0.00102722
0.00102618
0.00102515
0.00102412
0.00102309
0.00102206
0.00102103
0.00102
0.00101898
0.00101795
0.00101693
0.0010159
0.00101488
0.00101386
0.00101284
0.00101182
0.0010108
0.00100978
0.00100877
0.00100775
0.00100674
0.00100572
0.00100471
0.0010037
0.00100269
0.00100168
0.00100067
0.000999667
0.000998661
0.000997656
0.000996652
0.000995649
0.000994647
0.000993646
0.000992646
0.000991647
0.000990649
0.000989652
0.000988656
0.000987661
0.000986667
0.000985674
0.000984682
0.000983691
0.000982701
0.000981712
0.000980724
0.000979737
0.000978751
0.000977766
0.000976782
0.000975799
0.000974817
0.000973836
0.000972856
0.000971877
0.000970899
0.000969922
0.000968946
0.000967971
0.000966996
0.000966023
0.000965051
0.00096408
0.000963109
0.00096214
0.000961172
0.000960205
0.000959238
0.000958273
0.000957308
0.000956345
0.000955383
0.000954421
0.00095346
0.000952501
0.000951542
0.000950585
0.000949628
0.000948672
0.000947718
0.000946764
0.000945811
0.000944859
0.000943908
0.000942958
0.000942009
0.000941061
0.000940114
0.000939168
0.000938223
0.000937278
0.000936335
0.000935393
0.000934451
0.000933511
0.000932572
0.000931633
0.000930695
0.000929759
0.000928823
0.000927888
0.000926954
0.000926021
0.000925089
0.000924158
0.000923228
0.000922299
0.000921371
0.000920444
0.000919517
0.000918592
0.000917667
0.000916744
0.000915821
0.0009149
0.000913979
0.000913059
0.00091214
0.000911222
0.000910305
0.000909389
0.000908474
0.000907559
0.000906646
0.000905733
0.000904822
0.000903911
0.000903002
0.000902093
0.000901185
0.000900278
0.000899372
0.000898467
0.000897562
0.000896659
0.000895757
0.000894855
0.000893955
0.000893055
0.000892156
0.000891258
0.000890361
0.000889465
0.00088857
0.000887676
0.000886782
0.00088589
0.000884998
0.000884107
0.000883218
0.000882329
0.000881441
0.000880554
0.000879667
0.000878782
0.000877898
0.000877014
0.000876131
0.00087525
0.000874369
0.000873489
0.00087261
0.000871731
0.000870854
0.000869978
0.000869102
0.000868227
0.000867354
0.000866481
0.000865609
0.000864737
0.000863867
0.000862998
0.000862129
0.000861261
0.000860395
0.000859529
0.000858664
0.000857799
0.000856936
0.000856074
0.000855212
0.000854351
0.000853492
0.000852633
0.000851774
0.000850917
0.000850061
0.000849205
0.000848351
0.000847497
0.000846644
0.000845792
0.00084494
0.00084409
0.00084324
0.000842392
0.000841544
0.000840697
0.000839851
0.000839006
0.000838161
0.000837318
0.000836475
0.000835633
0.000834792
0.000833952
0.000833113
0.000832274
0.000831436
0.0008306
0.000829764
0.000828929
0.000828094
0.000827261
0.000826428
0.000825596
0.000824766
0.000823935
0.000823106
0.000822278
0.00082145
0.000820623
0.000819798
0.000818972
0.000818148
0.000817325
0.000816502
0.00081568
0.000814859
0.000814039
0.00081322
0.000812402
0.000811584
0.000810767
0.000809951
0.000809136
0.000808322
0.000807508
0.000806695
0.000805883
0.000805072
0.000804262
0.000803453
0.000802644
0.000801836
0.000801029
0.000800223
0.000799418
0.000798613
0.000797809
0.000797006
0.000796204
0.000795403
0.000794602
0.000793802
0.000793003
0.000792205
0.000791408
0.000790611
0.000789816
0.000789021
0.000788227
0.000787433
0.000786641
0.000785849
0.000785058
0.000784268
0.000783479
0.00078269
0.000781902
0.000781116
0.000780329
0.000779544
0.000778759
0.000777976
0.000777193
0.00077641
0.000775629
0.000774848
0.000774068
0.000773289
0.000772511
0.000771734
0.000770957
0.000770181
0.000769406
0.000768631
0.000767858
0.000767085
0.000766313
0.000765542
0.000764771
0.000764001
0.000763232
0.000762464
0.000761697
0.00076093
0.000760164
0.000759399
0.000758635
0.000757871
0.000757109
0.000756347
0.000755585
0.000754825
0.000754065
0.000753306
0.000752548
0.000751791
0.000751034
0.000750278
0.000749523
0.000748769
0.000748015
0.000747262
0.00074651
0.000745759
0.000745008
0.000744258
0.000743509
0.000742761
0.000742013
0.000741266
0.00074052
0.000739775
0.00073903
0.000738287
0.000737544
0.000736801
0.00073606
0.000735319
0.000734579
0.000733839
0.000733101
0.000732363
0.000731626
0.000730889
0.000730154
0.000729419
0.000728685
0.000727951
0.000727219
0.000726487
0.000725756
0.000725025
0.000724295
0.000723566
0.000722838
0.000722111
0.000721384
0.000720658
0.000719932
0.000719208
0.000718484
0.000717761
0.000717038
0.000716317
0.000715596
0.000714875
0.000714156
0.000713437
0.000712719
0.000712002
0.000711285
0.000710569
0.000709854
0.00070914
0.000708426
0.000707713
0.000707
0.000706289
0.000705578
0.000704868
0.000704158
0.00070345
0.000702742
0.000702034
0.000701328
0.000700622
0.000699917
0.000699212
0.000698509
0.000697805
0.000697103
0.000696401
0.000695701
0.000695
0.000694301
0.000693602
0.000692904
0.000692207
0.00069151
0.000690814
0.000690119
0.000689424
0.00068873
0.000688037
0.000687344
0.000686652
0.000685961
0.000685271
0.000684581
0.000683892
0.000683204
0.000682516
0.000681829
0.000681143
0.000680457
0.000679773
0.000679088
0.000678405
0.000677722
0.00067704
0.000676358
0.000675678
0.000674998
0.000674318
0.00067364
0.000672962
0.000672284
0.000671608
0.000670932
0.000670256
0.000669582
0.000668908
0.000668234
0.000667562
0.00066689
0.000666219
0.000665548
0.000664878
0.000664209
0.000663541
0.000662873
0.000662206
0.000661539
0.000660873
0.000660208
0.000659543
0.00065888
0.000658216
0.000657554
0.000656892
0.000656231
0.00065557
0.000654911
0.000654251
0.000653593
0.000652935
0.000652278
0.000651621
0.000650966
0.00065031
0.000649656
0.000649002
0.000648349
0.000647696
0.000647044
0.000646393
0.000645742
0.000645092
0.000644443
0.000643794
0.000643146
0.000642499
0.000641852
0.000641206
0.000640561
0.000639916
0.000639272
0.000638629
0.000637986
0.000637344
0.000636702
0.000636061
0.000635421
0.000634782
0.000634143
0.000633505
0.000632867
0.00063223
0.000631594
0.000630958
0.000630323
0.000629688
0.000629055
0.000628421
0.000627789
0.000627157
0.000626526
0.000625895
0.000625265
0.000624636
0.000624007
0.000623379
0.000622752
0.000622125
0.000621499
0.000620873
0.000620248
0.000619624
0.000619
0.000618377
0.000617755
0.000617133
0.000616512
0.000615891
0.000615271
0.000614652
0.000614033
0.000613415
0.000612798
0.000612181
0.000611565
0.000610949
0.000610334
0.00060972
0.000609106
0.000608493
0.000607881
0.000607269
0.000606658
0.000606047
0.000605437
0.000604828
0.000604219
0.000603611
0.000603003
0.000602396
0.00060179
0.000601184
0.000600579
0.000599975
0.000599371
0.000598768
0.000598165
0.000597563
0.000596961
0.000596361
0.00059576
0.000595161
0.000594562
0.000593963
0.000593365
0.000592768
0.000592171
0.000591575
0.00059098
0.000590385
0.000589791
0.000589197
0.000588604
0.000588012
0.00058742
0.000586829
0.000586238
0.000585648
0.000585058
0.00058447
0.000583881
0.000583294
0.000582706
0.00058212
0.000581534
0.000580949
0.000580364
0.00057978
0.000579196
0.000578613
0.000578031
0.000577449
0.000576868
0.000576287
0.000575707
0.000575128
0.000574549
0.00057397
0.000573393
0.000572816
0.000572239
0.000571663
0.000571088
0.000570513
0.000569939
0.000569365
0.000568792
0.000568219
0.000567647
0.000567076
0.000566505
0.000565935
0.000565365
0.000564796
0.000564228
0.00056366
0.000563093
0.000562526
0.00056196
0.000561394
0.000560829
0.000560264
0.0005597
0.000559137
0.000558574
0.000558012
0.00055745
0.000556889
0.000556329
0.000555769
0.000555209
0.000554651
0.000554092
0.000553535
0.000552977
0.000552421
0.000551865
0.000551309
0.000550754
0.0005502
0.000549646
0.000549093
0.00054854
0.000547988
0.000547437
0.000546886
0.000546335
0.000545785
0.000545236
0.000544687
0.000544139
0.000543591
0.000543044
0.000542497
0.000541951
0.000541406
0.000540861
0.000540316
0.000539773
0.000539229
0.000538687
0.000538144
0.000537603
0.000537062
0.000536521
0.000535981
0.000535441
0.000534903
0.000534364
0.000533826
0.000533289
0.000532752
0.000532216
0.00053168
0.000531145
0.00053061
0.000530076
0.000529543
0.00052901
0.000528477
0.000527945
0.000527414
0.000526883
0.000526353
0.000525823
0.000525294
0.000524765
0.000524237
0.000523709
0.000523182
0.000522655
0.000522129
0.000521604
0.000521079
0.000520554
0.00052003
0.000519507
0.000518984
0.000518461
0.00051794
0.000517418
0.000516897
0.000516377
0.000515857
0.000515338
0.000514819
0.000514301
0.000513784
0.000513266
0.00051275
0.000512234
0.000511718
0.000511203
0.000510689
0.000510174
0.000509661
0.000509148
0.000508635
0.000508123
0.000507612
0.000507101
0.000506591
0.000506081
0.000505571
0.000505062
0.000504554
0.000504046
0.000503539
0.000503032
0.000502526
0.00050202
0.000501515
0.00050101
0.000500505
0.000500002
0.000499498
0.000498996
0.000498493
0.000497992
0.00049749
0.00049699
0.000496489
0.00049599
0.00049549
0.000494992
0.000494493
0.000493996
0.000493498
0.000493002
0.000492505
0.00049201
0.000491514
0.00049102
0.000490525
0.000490032
0.000489538
0.000489046
0.000488553
0.000488062
0.00048757
0.00048708
0.000486589
0.0004861
0.00048561
0.000485122
0.000484633
0.000484145
0.000483658
0.000483171
0.000482685
0.000482199
0.000481714
0.000481229
0.000480744
0.000480261
0.000479777
0.000479294
0.000478812
0.00047833
0.000477848
0.000477367
0.000476887
0.000476407
0.000475927
0.000475448
0.00047497
0.000474492
0.000474014
0.000473537
0.00047306
0.000472584
0.000472108
0.000471633
0.000471158
0.000470684
0.00047021
0.000469737
0.000469264
0.000468792
0.00046832
0.000467849
0.000467378
0.000466907
0.000466437
0.000465968
0.000465499
0.00046503
0.000464562
0.000464095
0.000463627
0.000463161
0.000462695
0.000462229
0.000461764
0.000461299
0.000460834
0.000460371
0.000459907
0.000459444
0.000458982
0.00045852
0.000458058
0.000457597
0.000457137
0.000456676
0.000456217
0.000455758
0.000455299
0.00045484
0.000454383
0.000453925
0.000453468
0.000453012
0.000452556
0.0004521
0.000451645
0.000451191
0.000450737
0.000450283
0.00044983
0.000449377
0.000448924
0.000448473
0.000448021
0.00044757
0.00044712
0.00044667
0.00044622
0.000445771
0.000445322
0.000444874
0.000444426
0.000443979
0.000443532
0.000443085
0.000442639
0.000442194
0.000441749
0.000441304
0.00044086
0.000440416
0.000439973
0.00043953
0.000439088
0.000438646
0.000438204
0.000437763
0.000437322
0.000436882
0.000436442
0.000436003
0.000435564
0.000435126
0.000434688
0.00043425
0.000433813
0.000433376
0.00043294
0.000432504
0.000432069
0.000431634
0.0004312
0.000430766
0.000430332
0.000429899
0.000429466
0.000429034
0.000428602
0.000428171
0.00042774
0.000427309
0.000426879
0.000426449
0.00042602
0.000425591
0.000425163
0.000424735
0.000424307
0.00042388
0.000423454
0.000423027
0.000422602
0.000422176
0.000421751
0.000421327
0.000420903
0.000420479
0.000420056
0.000419633
0.00041921
0.000418788
0.000418367
0.000417946
0.000417525
0.000417105
0.000416685
0.000416266
0.000415847
0.000415428
0.00041501
0.000414592
0.000414175
0.000413758
0.000413341
0.000412925
0.00041251
0.000412094
0.00041168
0.000411265
0.000410851
0.000410438
0.000410025
0.000409612
0.000409199
0.000408788
0.000408376
0.000407965
0.000407554
0.000407144
0.000406734
0.000406325
0.000405916
0.000405507
0.000405099
0.000404691
0.000404284
0.000403877
0.000403471
0.000403064
0.000402659
0.000402253
0.000401848
0.000401444
0.00040104
0.000400636
0.000400233
0.00039983
0.000399428
0.000399026
0.000398624
0.000398223
0.000397822
0.000397421
0.000397021
0.000396622
0.000396222
0.000395824
0.000395425
0.000395027
0.00039463
0.000394232
0.000393835
0.000393439
0.000393043
0.000392647
0.000392252
0.000391857
0.000391463
0.000391069
0.000390675
0.000390282
0.000389889
0.000389497
0.000389105
0.000388713
0.000388322
0.000387931
0.00038754
0.00038715
0.00038676
0.000386371
0.000385982
0.000385594
0.000385206
0.000384818
0.00038443
0.000384044
0.000383657
0.000383271
0.000382885
0.0003825
0.000382115
0.00038173
0.000381346
0.000380962
0.000380578
0.000380195
0.000379813
0.00037943
0.000379048
0.000378667
0.000378286
0.000377905
0.000377524
0.000377144
0.000376765
0.000376385
0.000376007
0.000375628
0.00037525
0.000374872
0.000374495
0.000374118
0.000373741
0.000373365
0.000372989
0.000372614
0.000372239
0.000371864
0.00037149
0.000371116
0.000370742
0.000370369
0.000369996
0.000369624
0.000369252
0.00036888
0.000368509
0.000368138
0.000367767
0.000367397
0.000367027
0.000366658
0.000366289
0.00036592
0.000365552
0.000365184
0.000364816
0.000364449
0.000364082
0.000363716
0.00036335
0.000362984
0.000362618
0.000362253
0.000361889
0.000361524
0.000361161
0.000360797
0.000360434
0.000360071
0.000359709
0.000359347
0.000358985
0.000358623
0.000358262
0.000357902
0.000357542
0.000357182
0.000356822
0.000356463
0.000356104
0.000355746
0.000355388
0.00035503
0.000354672
0.000354315
0.000353959
0.000353603
0.000353247
0.000352891
0.000352536
0.000352181
0.000351826
0.000351472
0.000351118
0.000350765
0.000350412
0.000350059
0.000349707
0.000349355
0.000349003
0.000348652
0.000348301
0.00034795
0.0003476
0.00034725
0.000346901
0.000346551
0.000346203
0.000345854
0.000345506
0.000345158
0.000344811
0.000344464
0.000344117
0.000343771
0.000343425
0.000343079
0.000342733
0.000342388
0.000342044
0.0003417
0.000341356
0.000341012
0.000340669
0.000340326
0.000339983
0.000339641
0.000339299
0.000338958
0.000338616
0.000338276
0.000337935
0.000337595
0.000337255
0.000336916
0.000336576
0.000336238
0.000335899
0.000335561
0.000335223
0.000334886
0.000334549
0.000334212
0.000333876
0.000333539
0.000333204
0.000332868
0.000332533
0.000332199
0.000331864
0.00033153
0.000331196
0.000330863
0.00033053
0.000330197
0.000329865
0.000329533
0.000329201
0.00032887
0.000328539
0.000328208
0.000327878
0.000327548
0.000327218
0.000326888
0.000326559
0.000326231
0.000325902
0.000325574
0.000325246
0.000324919
0.000324592
0.000324265
0.000323939
0.000323613
0.000323287
0.000322962
0.000322637
0.000322312
0.000321987
0.000321663
0.000321339
0.000321016
0.000320693
0.00032037
0.000320048
0.000319725
0.000319404
0.000319082
0.000318761
0.00031844
0.000318119
0.000317799
0.000317479
0.00031716
0.00031684
0.000316522
0.000316203
0.000315885
0.000315567
0.000315249
0.000314932
0.000314615
0.000314298
0.000313982
0.000313666
0.00031335
0.000313034
0.000312719
0.000312404
0.00031209
0.000311776
0.000311462
0.000311148
0.000310835
0.000310522
0.00031021
0.000309898
0.000309586
0.000309274
0.000308963
0.000308652
0.000308341
0.000308031
0.000307721
0.000307411
0.000307101
0.000306792
0.000306483
0.000306175
0.000305867
0.000305559
0.000305251
0.000304944
0.000304637
0.00030433
0.000304024
0.000303718
0.000303412
0.000303107
0.000302802
0.000302497
0.000302192
0.000301888
0.000301584
0.000301281
0.000300977
0.000300674
0.000300372
0.000300069
0.000299767
0.000299466
0.000299164
0.000298863
0.000298562
0.000298262
0.000297961
0.000297662
0.000297362
0.000297063
0.000296764
0.000296465
0.000296166
0.000295868
0.00029557
0.000295273
0.000294976
0.000294679
0.000294382
0.000294086
0.00029379
0.000293494
0.000293199
0.000292903
0.000292609
0.000292314
0.00029202
0.000291726
0.000291432
0.000291139
0.000290846
0.000290553
0.000290261
0.000289968
0.000289676
0.000289385
0.000289094
0.000288803
0.000288512
0.000288221
0.000287931
0.000287642
0.000287352
0.000287063
0.000286774
0.000286485
0.000286197
0.000285909
0.000285621
0.000285333
0.000285046
0.000284759
0.000284472
0.000284186
0.0002839
0.000283614
0.000283329
0.000283044
0.000282759
0.000282474
0.00028219
0.000281906
0.000281622
0.000281338
0.000281055
0.000280772
0.00028049
0.000280207
0.000279925
0.000279643
0.000279362
0.000279081
0.0002788
0.000278519
0.000278239
0.000277959
0.000277679
0.000277399
0.00027712
0.000276841
0.000276563
0.000276284
0.000276006
0.000275728
0.000275451
0.000275173
0.000274896
0.00027462
0.000274343
0.000274067
0.000273791
0.000273516
0.00027324
0.000272965
0.00027269
0.000272416
0.000272142
0.000271868
0.000271594
0.000271321
0.000271048
0.000270775
0.000270502
0.00027023
0.000269958
0.000269686
0.000269415
0.000269143
0.000268873
0.000268602
0.000268332
0.000268061
0.000267792
0.000267522
0.000267253
0.000266984
0.000266715
0.000266446
0.000266178
0.00026591
0.000265643
0.000265375
0.000265108
0.000264841
0.000264575
0.000264308
0.000264042
0.000263776
0.000263511
0.000263246
0.000262981
0.000262716
0.000262452
0.000262187
0.000261923
0.00026166
0.000261396
0.000261133
0.00026087
0.000260608
0.000260345
0.000260083
0.000259822
0.00025956
0.000259299
0.000259038
0.000258777
0.000258517
0.000258256
0.000257996
0.000257737
0.000257477
0.000257218
0.000256959
0.0002567
0.000256442
0.000256184
0.000255926
0.000255668
0.000255411
0.000255154
0.000254897
0.00025464
0.000254384
0.000254128
0.000253872
0.000253617
0.000253361
0.000253106
0.000252852
0.000252597
0.000252343
0.000252089
0.000251835
0.000251582
0.000251328
0.000251075
0.000250823
0.00025057
0.000250318
0.000250066
0.000249814
0.000249563
0.000249311
0.00024906
0.00024881
0.000248559
0.000248309
0.000248059
0.000247809
0.00024756
0.000247311
0.000247062
0.000246813
0.000246565
0.000246316
0.000246069
0.000245821
0.000245573
0.000245326
0.000245079
0.000244833
0.000244586
0.00024434
0.000244094
0.000243848
0.000243603
0.000243358
0.000243113
0.000242868
0.000242623
0.000242379
0.000242135
0.000241891
0.000241648
0.000241405
0.000241162
0.000240919
0.000240676
0.000240434
0.000240192
0.00023995
0.000239709
0.000239467
0.000239226
0.000238986
0.000238745
0.000238505
0.000238265
0.000238025
0.000237785
0.000237546
0.000237307
0.000237068
0.000236829
0.000236591
0.000236353
0.000236115
0.000235877
0.00023564
0.000235402
0.000235165
0.000234929
0.000234692
0.000234456
0.00023422
0.000233984
0.000233749
0.000233513
0.000233278
0.000233043
0.000232809
0.000232575
0.00023234
0.000232107
0.000231873
0.000231639
0.000231406
0.000231173
0.000230941
0.000230708
0.000230476
0.000230244
0.000230012
0.000229781
0.000229549
0.000229318
0.000229087
0.000228857
0.000228626
0.000228396
0.000228166
0.000227937
0.000227707
0.000227478
0.000227249
0.00022702
0.000226792
0.000226563
0.000226335
0.000226108
0.00022588
0.000225653
0.000225425
0.000225199
0.000224972
0.000224745
0.000224519
0.000224293
0.000224067
0.000223842
0.000223616
0.000223391
0.000223166
0.000222942
0.000222717
0.000222493
0.000222269
0.000222046
0.000221822
0.000221599
0.000221376
0.000221153
0.00022093
0.000220708
0.000220486
0.000220264
0.000220042
0.00021982
0.000219599
0.000219378
0.000219157
0.000218937
0.000218716
0.000218496
0.000218276
0.000218056
0.000217837
0.000217618
0.000217399
0.00021718
0.000216961
0.000216743
0.000216525
0.000216307
0.000216089
0.000215871
0.000215654
0.000215437
0.00021522
0.000215003
0.000214787
0.000214571
0.000214355
0.000214139
0.000213923
0.000213708
0.000213493
0.000213278
0.000213063
0.000212849
0.000212635
0.000212421
0.000212207
0.000211993
0.00021178
0.000211567
0.000211354
0.000211141
0.000210928
0.000210716
0.000210504
0.000210292
0.00021008
0.000209869
0.000209658
0.000209447
0.000209236
0.000209025
0.000208815
0.000208604
0.000208394
0.000208185
0.000207975
0.000207766
0.000207557
0.000207348
0.000207139
0.00020693
0.000206722
0.000206514
0.000206306
0.000206098
0.000205891
0.000205684
0.000205477
0.00020527
0.000205063
0.000204857
0.000204651
0.000204445
0.000204239
0.000204033
0.000203828
0.000203623
0.000203418
0.000203213
0.000203008
0.000202804
0.0002026
0.000202396
0.000202192
0.000201989
0.000201785
0.000201582
0.000201379
0.000201177
0.000200974
0.000200772
0.00020057
0.000200368
0.000200166
0.000199965
0.000199763
0.000199562
0.000199361
0.000199161
0.00019896
0.00019876
0.00019856
0.00019836
0.00019816
0.000197961
0.000197761
0.000197562
0.000197363
0.000197165
0.000196966
0.000196768
0.00019657
0.000196372
0.000196174
0.000195977
0.00019578
0.000195583
0.000195386
0.000195189
0.000194993
0.000194796
0.0001946
0.000194404
0.000194209
0.000194013
0.000193818
0.000193623
0.000193428
0.000193233
0.000193039
0.000192844
0.00019265
0.000192456
0.000192262
0.000192069
0.000191876
0.000191682
0.000191489
0.000191297
0.000191104
0.000190912
0.00019072
0.000190528
0.000190336
0.000190144
0.000189953
0.000189762
0.000189571
0.00018938
0.000189189
0.000188999
0.000188808
0.000188618
0.000188428
0.000188239
0.000188049
0.00018786
0.000187671
0.000187482
0.000187293
0.000187105
0.000186916
0.000186728
0.00018654
0.000186352
0.000186165
0.000185977
0.00018579
0.000185603
0.000185416
0.00018523
0.000185043
0.000184857
0.000184671
0.000184485
0.000184299
0.000184114
0.000183928
0.000183743
0.000183558
0.000183374
0.000183189
0.000183005
0.00018282
0.000182636
0.000182452
0.000182269
0.000182085
0.000181902
0.000181719
0.000181536
0.000181353
0.000181171
0.000180988
0.000180806
0.000180624
0.000180442
0.000180261
0.000180079
0.000179898
0.000179717
0.000179536
0.000179355
0.000179175
0.000178994
0.000178814
0.000178634
0.000178454
0.000178275
0.000178095
0.000177916
0.000177737
0.000177558
0.000177379
0.000177201
0.000177022
0.000176844
0.000176666
0.000176488
0.000176311
0.000176133
0.000175956
0.000175779
0.000175602
0.000175425
0.000175248
0.000175072
0.000174896
0.00017472
0.000174544
0.000174368
0.000174193
0.000174017
0.000173842
0.000173667
0.000173492
0.000173318
0.000173143
0.000172969
0.000172795
0.000172621
0.000172447
0.000172273
0.0001721
0.000171927
0.000171754
0.000171581
0.000171408
0.000171235
0.000171063
0.000170891
0.000170719
0.000170547
0.000170375
0.000170204
0.000170032
0.000169861
0.00016969
0.00016952
0.000169349
0.000169178
0.000169008
0.000168838
0.000168668
0.000168498
0.000168329
0.000168159
0.00016799
0.000167821
0.000167652
0.000167483
0.000167314
0.000167146
0.000166978
0.00016681
0.000166642
0.000166474
0.000166306
0.000166139
0.000165972
0.000165805
0.000165638
0.000165471
0.000165305
0.000165138
0.000164972
0.000164806
0.00016464
0.000164474
0.000164309
0.000164143
0.000163978
0.000163813
0.000163648
0.000163483
0.000163319
0.000163154
0.00016299
0.000162826
0.000162662
0.000162498
0.000162335
0.000162171
0.000162008
0.000161845
0.000161682
0.000161519
0.000161357
0.000161194
0.000161032
0.00016087
0.000160708
0.000160546
0.000160385
0.000160223
0.000160062
0.000159901
0.00015974
0.000159579
0.000159418
0.000159258
0.000159098
0.000158937
0.000158777
0.000158618
0.000158458
0.000158298
0.000158139
0.00015798
0.000157821
0.000157662
0.000157503
0.000157345
0.000157186
0.000157028
0.00015687
0.000156712
0.000156554
0.000156397
0.000156239
0.000156082
0.000155925
0.000155768
0.000155611
0.000155455
0.000155298
0.000155142
0.000154986
0.00015483
0.000154674
0.000154518
0.000154362
0.000154207
0.000154052
0.000153897
0.000153742
0.000153587
0.000153432
0.000153278
0.000153124
0.00015297
0.000152816
0.000152662
0.000152508
0.000152355
0.000152201
0.000152048
0.000151895
0.000151742
0.000151589
0.000151437
0.000151284
0.000151132
0.00015098
0.000150828
0.000150676
0.000150524
0.000150373
0.000150221
0.00015007
0.000149919
0.000149768
0.000149617
0.000149467
0.000149316
0.000149166
0.000149016
0.000148866
0.000148716
0.000148566
0.000148417
0.000148267
0.000148118
0.000147969
0.00014782
0.000147671
0.000147523
0.000147374
0.000147226
0.000147078
0.000146929
0.000146782
0.000146634
0.000146486
0.000146339
0.000146191
0.000146044
0.000145897
0.00014575
0.000145604
0.000145457
0.000145311
0.000145164
0.000145018
0.000144872
0.000144726
0.000144581
0.000144435
0.00014429
0.000144145
0.000143999
0.000143855
0.00014371
0.000143565
0.000143421
0.000143276
0.000143132
0.000142988
0.000142844
0.0001427
0.000142556
0.000142413
0.00014227
0.000142126
0.000141983
0.00014184
0.000141698
0.000141555
0.000141412
0.00014127
0.000141128
0.000140986
0.000140844
0.000140702
0.000140561
0.000140419
0.000140278
0.000140136
0.000139995
0.000139854
0.000139714
0.000139573
0.000139433
0.000139292
0.000139152
0.000139012
0.000138872
0.000138732
0.000138593
0.000138453
0.000138314
0.000138174
0.000138035
0.000137896
0.000137758
0.000137619
0.00013748
0.000137342
0.000137204
0.000137066
0.000136928
0.00013679
0.000136652
0.000136514
0.000136377
0.00013624
0.000136103
0.000135966
0.000135829
0.000135692
0.000135555
0.000135419
0.000135283
0.000135146
0.00013501
0.000134875
0.000134739
0.000134603
0.000134468
0.000134332
0.000134197
0.000134062
0.000133927
0.000133792
0.000133657
0.000133523
0.000133389
0.000133254
0.00013312
0.000132986
0.000132852
0.000132719
0.000132585
0.000132451
0.000132318
0.000132185
0.000132052
0.000131919
0.000131786
0.000131653
0.000131521
0.000131389
0.000131256
0.000131124
0.000130992
0.00013086
0.000130729
0.000130597
0.000130465
0.000130334
0.000130203
0.000130072
0.000129941
0.00012981
0.000129679
0.000129549
0.000129419
0.000129288
0.000129158
0.000129028
0.000128898
0.000128768
0.000128639
0.000128509
0.00012838
0.000128251
0.000128122
0.000127993
0.000127864
0.000127735
0.000127607
0.000127478
0.00012735
0.000127222
0.000127093
0.000126966
0.000126838
0.00012671
0.000126582
0.000126455
0.000126328
0.000126201
0.000126074
0.000125947
0.00012582
0.000125693
0.000125567
0.00012544
0.000125314
0.000125188
0.000125062
0.000124936
0.00012481
0.000124685
0.000124559
0.000124434
0.000124308
0.000124183
0.000124058
0.000123933
0.000123809
0.000123684
0.000123559
0.000123435
0.000123311
0.000123187
0.000123063
0.000122939
0.000122815
0.000122691
0.000122568
0.000122445
0.000122321
0.000122198
0.000122075
0.000121952
0.000121829
0.000121707
0.000121584
0.000121462
0.00012134
0.000121217
0.000121095
0.000120974
0.000120852
0.00012073
0.000120609
0.000120487
0.000120366
0.000120245
0.000120124
0.000120003
0.000119882
0.000119761
0.000119641
0.00011952
0.0001194
0.00011928
0.00011916
0.00011904
0.00011892
0.0001188
0.000118681
0.000118561
0.000118442
0.000118323
0.000118203
0.000118084
0.000117966
0.000117847
0.000117728
0.00011761
0.000117491
0.000117373
0.000117255
0.000117137
0.000117019
0.000116901
0.000116783
0.000116666
0.000116548
0.000116431
0.000116314
0.000116197
0.00011608
0.000115963
0.000115846
0.00011573
0.000115613
0.000115497
0.000115381
0.000115264
0.000115148
0.000115032
0.000114917
0.000114801
0.000114685
0.00011457
0.000114455
0.000114339
0.000114224
0.000114109
0.000113994
0.00011388
0.000113765
0.000113651
0.000113536
0.000113422
0.000113308
0.000113194
0.00011308
0.000112966
0.000112852
0.000112739
0.000112625
0.000112512
0.000112398
0.000112285
0.000112172
0.000112059
0.000111946
0.000111834
0.000111721
0.000111609
0.000111496
0.000111384
0.000111272
0.00011116
0.000111048
0.000110936
0.000110825
0.000110713
0.000110602
0.00011049
0.000110379
0.000110268
0.000110157
0.000110046
0.000109935
0.000109825
0.000109714
0.000109604
0.000109493
0.000109383
0.000109273
0.000109163
0.000109053
0.000108943
0.000108834
0.000108724
0.000108615
0.000108505
0.000108396
0.000108287
0.000108178
0.000108069
0.00010796
0.000107852
0.000107743
0.000107635
0.000107526
0.000107418
0.00010731
0.000107202
0.000107094
0.000106986
0.000106878
0.000106771
0.000106663
0.000106556
0.000106449
0.000106342
0.000106234
0.000106128
0.000106021
0.000105914
0.000105807
0.000105701
0.000105594
0.000105488
0.000105382
0.000105276
0.00010517
0.000105064
0.000104958
0.000104853
0.000104747
0.000104642
0.000104536
0.000104431
0.000104326
0.000104221
0.000104116
0.000104011
0.000103906
0.000103802
0.000103697
0.000103593
0.000103489
0.000103385
0.00010328
0.000103177
0.000103073
0.000102969
0.000102865
0.000102762
0.000102658
0.000102555
0.000102452
0.000102349
0.000102246
0.000102143
0.00010204
0.000101937
0.000101834
0.000101732
0.00010163
0.000101527
0.000101425
0.000101323
0.000101221
0.000101119
0.000101017
0.000100916
0.000100814
0.000100712
0.000100611
0.00010051
0.000100409
0.000100308
0.000100207
0.000100106
0.000100005
9.99042e-05
