1
0.999937
0.999874
0.999811
0.999748
0.999686
0.999623
0.999561
0.999498
0.999436
0.999374
0.999311
0.999249
0.999187
0.999125
0.999063
0.999001
0.99894
0.998878
0.998816
0.998755
0.998694
0.998632
0.998571
0.99851
0.998449
0.998388
0.998327
0.998266
0.998205
0.998144
0.998083
0.998023
0.997962
0.997902
0.997841
0.997781
0.997721
0.997661
0.997601
0.997541
0.997481
0.997421
0.997361
0.997302
0.997242
0.997182
0.997123
0.997064
0.997004
0.996945
0.996886
0.996827
0.996768
0.996709
0.99665
0.996591
0.996532
0.996474
0.996415
0.996357
0.996298
0.99624
0.996181
0.996123
0.996065
0.996007
0.995949
0.995891
0.995833
0.995775
0.995718
0.99566
0.995602
0.995545
0.995488
0.99543
0.995373
0.995316
0.995259
0.995201
0.995144
0.995088
0.995031
0.994974
0.994917
0.994861
0.994804
0.994747
0.994691
0.994635
0.994578
0.994522
0.994466
0.99441
0.994354
0.994298
0.994242
0.994186
0.994131
0.994075
0.994019
0.993964
0.993908
0.993853
0.993798
0.993742
0.993687
0.993632
0.993577
0.993522
0.993467
0.993412
0.993358
0.993303
0.993248
0.993194
0.993139
0.993085
0.99303
0.992976
0.992922
0.992868
0.992814
0.99276
0.992706
0.992652
0.992598
0.992544
0.99249
0.992437
0.992383
0.99233
0.992276
0.992223
0.99217
0.992116
0.992063
0.99201
0.991957
0.991904
0.991851
0.991799
0.991746
0.991693
0.99164
0.991588
0.991535
0.991483
0.991431
0.991378
0.991326
0.991274
0.991222
0.99117
0.991118
0.991066
0.991014
0.990962
0.990911
0.990859
0.990807
0.990756
0.990704
0.990653
0.990602
0.99055
0.990499
0.990448
0.990397
0.990346
0.990295
0.990244
0.990193
0.990142
0.990092
0.990041
0.989991
0.98994
0.98989
0.989839
0.989789
0.989739
0.989688
0.989638
0.989588
0.989538
0.989488
0.989438
0.989389
0.989339
0.989289
0.98924
0.98919
0.98914
0.989091
0.989042
0.988992
0.988943
0.988894
0.988845
0.988796
0.988747
0.988698
0.988649
0.9886
0.988551
0.988502
0.988454
0.988405
0.988357
0.988308
0.98826
0.988211
0.988163
0.988115
0.988067
0.988019
0.98797
0.987923
0.987875
0.987827
0.987779
0.987731
0.987683
0.987636
0.987588
0.987541
0.987493
0.987446
0.987399
0.987351
0.987304
0.987257
0.98721
0.987163
0.987116
0.987069
0.987022
0.986975
0.986928
0.986882
0.986835
0.986788
0.986742
0.986695
0.986649
0.986603
0.986556
0.98651
0.986464
0.986418
0.986372
0.986326
0.98628
0.986234
0.986188
0.986142
0.986097
0.986051
0.986005
0.98596
0.985914
0.985869
0.985824
0.985778
0.985733
0.985688
0.985643
0.985598
0.985552
0.985507
0.985463
0.985418
0.985373
0.985328
0.985283
0.985239
0.985194
0.98515
0.985105
0.985061
0.985016
0.984972
0.984928
0.984884
0.984839
0.984795
0.984751
0.984707
0.984663
0.98462
0.984576
0.984532
0.984488
0.984445
0.984401
0.984357
0.984314
0.98427
0.984227
0.984184
0.98414
0.984097
0.984054
0.984011
0.983968
0.983925
0.983882
0.983839
0.983796
0.983753
0.983711
0.983668
0.983625
0.983583
0.98354
0.983498
0.983455
0.983413
0.983371
0.983328
0.983286
0.983244
0.983202
0.98316
0.983118
0.983076
0.983034
0.982992
0.98295
0.982909
0.982867
0.982825
0.982784
0.982742
0.982701
0.982659
0.982618
0.982576
0.982535
0.982494
0.982453
0.982412
0.982371
0.98233
0.982289
0.982248
0.982207
0.982166
0.982125
0.982084
0.982044
0.982003
0.981963
0.981922
0.981882
0.981841
0.981801
0.981761
0.98172
0.98168
0.98164
0.9816
0.98156
0.98152
0.98148
0.98144
0.9814
0.98136
0.98132
0.981281
0.981241
0.981201
0.981162
0.981122
0.981083
0.981043
0.981004
0.980965
0.980925
0.980886
0.980847
0.980808
0.980769
0.98073
0.980691
0.980652
0.980613
0.980574
0.980535
0.980497
0.980458
0.980419
0.980381
0.980342
0.980304
0.980265
0.980227
0.980188
0.98015
0.980112
0.980074
0.980035
0.979997
0.979959
0.979921
0.979883
0.979845
0.979807
0.97977
0.979732
0.979694
0.979656
0.979619
0.979581
0.979544
0.979506
0.979469
0.979431
0.979394
0.979357
0.979319
0.979282
0.979245
0.979208
0.979171
0.979134
0.979097
0.97906
0.979023
0.978986
0.978949
0.978912
0.978876
0.978839
0.978802
0.978766
0.978729
0.978693
0.978656
0.97862
0.978583
0.978547
0.978511
0.978475
0.978438
0.978402
0.978366
0.97833
0.978294
0.978258
0.978222
0.978187
0.978151
0.978115
0.978079
0.978043
0.978008
0.977972
0.977937
0.977901
0.977866
0.97783
0.977795
0.97776
0.977724
0.977689
0.977654
0.977619
0.977584
0.977549
0.977514
0.977479
0.977444
0.977409
0.977374
0.977339
0.977304
0.97727
0.977235
0.9772
0.977166
0.977131
0.977097
0.977062
0.977028
0.976993
0.976959
0.976925
0.97689
0.976856
0.976822
0.976788
0.976754
0.97672
0.976686
0.976652
0.976618
0.976584
0.97655
0.976517
0.976483
0.976449
0.976415
0.976382
0.976348
0.976315
0.976281
0.976248
0.976214
0.976181
0.976148
0.976114
0.976081
0.976048
0.976015
0.975982
0.975949
0.975916
0.975883
0.97585
0.975817
0.975784
0.975751
0.975718
0.975686
0.975653
0.97562
0.975588
0.975555
0.975522
0.97549
0.975457
0.975425
0.975393
0.97536
0.975328
0.975296
0.975263
0.975231
0.975199
0.975167
0.975135
0.975103
0.975071
0.975039
0.975007
0.974975
0.974943
0.974912
0.97488
0.974848
0.974817
0.974785
0.974753
0.974722
0.97469
0.974659
0.974627
0.974596
0.974565
0.974533
0.974502
0.974471
0.97444
0.974408
0.974377
0.974346
0.974315
0.974284
0.974253
0.974222
0.974191
0.974161
0.97413
0.974099
0.974068
0.974038
0.974007
0.973976
0.973946
0.973915
0.973885
0.973854
0.973824
0.973793
0.973763
0.973733
0.973702
0.973672
0.973642
0.973612
0.973582
0.973552
0.973522
0.973492
0.973462
0.973432
0.973402
0.973372
0.973342
0.973312
0.973282
0.973253
0.973223
0.973193
0.973164
0.973134
0.973105
0.973075
0.973046
0.973016
0.972987
0.972958
0.972928
0.972899
0.97287
0.972841
0.972811
0.972782
0.972753
0.972724
0.972695
0.972666
0.972637
0.972608
0.972579
0.972551
0.972522
0.972493
0.972464
0.972435
0.972407
0.972378
0.97235
0.972321
0.972293
0.972264
0.972236
0.972207
0.972179
0.97215
0.972122
0.972094
0.972066
0.972037
0.972009
0.971981
0.971953
0.971925
0.971897
0.971869
0.971841
0.971813
0.971785
0.971757
0.971729
0.971702
0.971674
0.971646
0.971619
0.971591
0.971563
0.971536
0.971508
0.971481
0.971453
0.971426
0.971398
0.971371
0.971344
0.971316
0.971289
0.971262
0.971235
0.971207
0.97118
0.971153
0.971126
0.971099
0.971072
0.971045
0.971018
0.970991
0.970964
0.970938
0.970911
0.970884
0.970857
0.970831
0.970804
0.970777
0.970751
0.970724
0.970697
0.970671
0.970645
0.970618
0.970592
0.970565
0.970539
0.970513
0.970486
0.97046
0.970434
0.970408
0.970382
0.970356
0.970329
0.970303
0.970277
0.970251
0.970225
0.9702
0.970174
0.970148
0.970122
0.970096
0.97007
0.970045
0.970019
0.969993
0.969968
0.969942
0.969917
0.969891
0.969866
0.96984
0.969815
0.969789
0.969764
0.969738
0.969713
0.969688
0.969663
0.969637
0.969612
0.969587
0.969562
0.969537
0.969512
0.969487
0.969462
0.969437
0.969412
0.969387
0.969362
0.969337
0.969312
0.969288
0.969263
0.969238
0.969214
0.969189
0.969164
0.96914
0.969115
0.969091
0.969066
0.969042
0.969017
0.968993
0.968968
0.968944
0.96892
0.968895
0.968871
0.968847
0.968823
0.968798
0.968774
0.96875
0.968726
0.968702
0.968678
0.968654
0.96863
0.968606
0.968582
0.968558
0.968535
0.968511
0.968487
0.968463
0.968439
0.968416
0.968392
0.968368
0.968345
0.968321
0.968298
0.968274
0.968251
0.968227
0.968204
0.96818
0.968157
0.968134
0.96811
0.968087
0.968064
0.968041
0.968017
0.967994
0.967971
0.967948
0.967925
0.967902
0.967879
0.967856
0.967833
0.96781
0.967787
0.967764
0.967741
0.967718
0.967696
0.967673
0.96765
0.967627
0.967605
0.967582
0.967559
0.967537
0.967514
0.967492
0.967469
0.967447
0.967424
0.967402
0.967379
0.967357
0.967335
0.967312
0.96729
0.967268
0.967246
0.967223
0.967201
0.967179
0.967157
0.967135
0.967113
0.967091
0.967069
0.967047
0.967025
0.967003
0.966981
0.966959
0.966937
0.966915
0.966894
0.966872
0.96685
0.966828
0.966807
0.966785
0.966763
0.966742
0.96672
0.966699
0.966677
0.966655
0.966634
0.966613
0.966591
0.96657
0.966548
0.966527
0.966506
0.966484
0.966463
0.966442
0.966421
0.9664
0.966378
0.966357
0.966336
0.966315
0.966294
0.966273
0.966252
0.966231
0.96621
0.966189
0.966168
0.966147
0.966127
0.966106
0.966085
0.966064
0.966043
0.966023
0.966002
0.965981
0.965961
0.96594
0.965919
0.965899
0.965878
0.965858
0.965837
0.965817
0.965796
0.965776
0.965756
0.965735
0.965715
0.965695
0.965674
0.965654
0.965634
0.965614
0.965594
0.965573
0.965553
0.965533
0.965513
0.965493
0.965473
0.965453
0.965433
0.965413
0.965393
0.965373
0.965353
0.965333
0.965314
0.965294
0.965274
0.965254
0.965235
0.965215
0.965195
0.965175
0.965156
0.965136
0.965117
0.965097
0.965078
0.965058
0.965039
0.965019
0.965
0.96498
0.964961
0.964941
0.964922
0.964903
0.964883
0.964864
0.964845
0.964826
0.964807
0.964787
0.964768
0.964749
0.96473
0.964711
0.964692
0.964673
0.964654
0.964635
0.964616
0.964597
0.964578
0.964559
0.96454
0.964521
0.964502
0.964484
0.964465
0.964446
0.964427
0.964409
0.96439
0.964371
0.964353
0.964334
0.964316
0.964297
0.964278
0.96426
0.964241
0.964223
0.964204
0.964186
0.964168
0.964149
0.964131
0.964113
0.964094
0.964076
0.964058
0.964039
0.964021
0.964003
0.963985
0.963967
0.963949
0.96393
0.963912
0.963894
0.963876
0.963858
0.96384
0.963822
0.963804
0.963786
0.963768
0.963751
0.963733
0.963715
0.963697
0.963679
0.963661
0.963644
0.963626
0.963608
0.963591
0.963573
0.963555
0.963538
0.96352
0.963502
0.963485
0.963467
0.96345
0.963432
0.963415
0.963397
0.96338
0.963363
0.963345
0.963328
0.963311
0.963293
0.963276
0.963259
0.963241
0.963224
0.963207
0.96319
0.963173
0.963155
0.963138
0.963121
0.963104
0.963087
0.96307
0.963053
0.963036
0.963019
0.963002
0.962985
0.962968
0.962951
0.962934
0.962918
0.962901
0.962884
0.962867
0.96285
0.962834
0.962817
0.9628
0.962784
0.962767
0.96275
0.962734
0.962717
0.9627
0.962684
0.962667
0.962651
0.962634
0.962618
0.962601
0.962585
0.962569
0.962552
0.962536
0.962519
0.962503
0.962487
0.96247
0.962454
0.962438
0.962422
0.962406
0.962389
0.962373
0.962357
0.962341
0.962325
0.962309
0.962293
0.962277
0.96226
0.962244
0.962228
0.962213
0.962197
0.962181
0.962165
0.962149
0.962133
0.962117
0.962101
0.962085
0.96207
0.962054
0.962038
0.962022
0.962007
0.961991
0.961975
0.96196
0.961944
0.961928
0.961913
0.961897
0.961882
0.961866
0.961851
0.961835
0.96182
0.961804
0.961789
0.961773
0.961758
0.961742
0.961727
0.961712
0.961696
0.961681
0.961666
0.961651
0.961635
0.96162
0.961605
0.96159
0.961574
0.961559
0.961544
0.961529
0.961514
0.961499
0.961484
0.961469
0.961454
0.961439
0.961424
0.961409
0.961394
0.961379
0.961364
0.961349
0.961334
0.961319
0.961304
0.96129
0.961275
0.96126
0.961245
0.961231
0.961216
0.961201
0.961186
0.961172
0.961157
0.961142
0.961128
0.961113
0.961099
0.961084
0.961069
0.961055
0.96104
0.961026
0.961011
0.960997
0.960983
0.960968
0.960954
0.960939
0.960925
0.960911
0.960896
0.960882
0.960868
0.960853
0.960839
0.960825
0.960811
0.960796
0.960782
0.960768
0.960754
0.96074
0.960726
0.960712
0.960697
0.960683
0.960669
0.960655
0.960641
0.960627
0.960613
0.960599
0.960585
0.960571
0.960558
0.960544
0.96053
0.960516
0.960502
0.960488
0.960474
0.960461
0.960447
0.960433
0.960419
0.960406
0.960392
0.960378
0.960365
0.960351
0.960337
0.960324
0.96031
0.960296
0.960283
0.960269
0.960256
0.960242
0.960229
0.960215
0.960202
0.960188
0.960175
0.960162
0.960148
0.960135
0.960121
0.960108
0.960095
0.960081
0.960068
0.960055
0.960041
0.960028
0.960015
0.960002
0.959989
0.959975
0.959962
0.959949
0.959936
0.959923
0.95991
0.959897
0.959884
0.95987
0.959857
0.959844
0.959831
0.959818
0.959805
0.959792
0.95978
0.959767
0.959754
0.959741
0.959728
0.959715
0.959702
0.959689
0.959677
0.959664
0.959651
0.959638
0.959625
0.959613
0.9596
0.959587
0.959575
0.959562
0.959549
0.959537
0.959524
0.959511
0.959499
0.959486
0.959474
0.959461
0.959449
0.959436
0.959424
0.959411
0.959399
0.959386
0.959374
0.959361
0.959349
0.959336
0.959324
0.959312
0.959299
0.959287
0.959275
0.959262
0.95925
0.959238
0.959226
0.959213
0.959201
0.959189
0.959177
0.959165
0.959152
0.95914
0.959128
0.959116
0.959104
0.959092
0.95908
0.959068
0.959056
0.959044
0.959032
0.95902
0.959008
0.958996
0.958984
0.958972
0.95896
0.958948
0.958936
0.958924
0.958912
0.9589
0.958889
0.958877
0.958865
0.958853
0.958841
0.95883
0.958818
0.958806
0.958794
0.958783
0.958771
0.958759
0.958748
0.958736
0.958724
0.958713
0.958701
0.95869
0.958678
0.958667
0.958655
0.958643
0.958632
0.95862
0.958609
0.958597
0.958586
0.958575
0.958563
0.958552
0.95854
0.958529
0.958518
0.958506
0.958495
0.958484
0.958472
0.958461
0.95845
0.958438
0.958427
0.958416
0.958405
0.958393
0.958382
0.958371
0.95836
0.958349
0.958338
0.958326
0.958315
0.958304
0.958293
0.958282
0.958271
0.95826
0.958249
0.958238
0.958227
0.958216
0.958205
0.958194
0.958183
0.958172
0.958161
0.95815
0.958139
0.958128
0.958117
0.958107
0.958096
0.958085
0.958074
0.958063
0.958052
0.958042
0.958031
0.95802
0.958009
0.957999
0.957988
0.957977
0.957967
0.957956
0.957945
0.957935
0.957924
0.957913
0.957903
0.957892
0.957882
0.957871
0.95786
0.95785
0.957839
0.957829
0.957818
0.957808
0.957797
0.957787
0.957776
0.957766
0.957756
0.957745
0.957735
0.957724
0.957714
0.957704
0.957693
0.957683
0.957673
0.957662
0.957652
0.957642
0.957632
0.957621
0.957611
0.957601
0.957591
0.95758
0.95757
0.95756
0.95755
0.95754
0.957529
0.957519
0.957509
0.957499
0.957489
0.957479
0.957469
0.957459
0.957449
0.957439
0.957429
0.957419
0.957409
0.957399
0.957389
0.957379
0.957369
0.957359
0.957349
0.957339
0.957329
0.957319
0.95731
0.9573
0.95729
0.95728
0.95727
0.95726
0.957251
0.957241
0.957231
0.957221
0.957211
0.957202
0.957192
0.957182
0.957173
0.957163
0.957153
0.957144
0.957134
0.957124
0.957115
0.957105
0.957095
0.957086
0.957076
0.957067
0.957057
0.957048
0.957038
0.957029
0.957019
0.95701
0.957
0.956991
0.956981
0.956972
0.956962
0.956953
0.956943
0.956934
0.956925
0.956915
0.956906
0.956897
0.956887
0.956878
0.956869
0.956859
0.95685
0.956841
0.956831
0.956822
0.956813
0.956804
0.956794
0.956785
0.956776
0.956767
0.956758
0.956748
0.956739
0.95673
0.956721
0.956712
0.956703
0.956694
0.956685
0.956675
0.956666
0.956657
0.956648
0.956639
0.95663
0.956621
0.956612
0.956603
0.956594
0.956585
0.956576
0.956567
0.956558
0.95655
0.956541
0.956532
0.956523
0.956514
0.956505
0.956496
0.956487
0.956479
0.95647
0.956461
0.956452
0.956443
0.956435
0.956426
0.956417
0.956408
0.956399
0.956391
0.956382
0.956373
0.956365
0.956356
0.956347
0.956339
0.95633
0.956321
0.956313
0.956304
0.956295
0.956287
0.956278
0.95627
0.956261
0.956253
0.956244
0.956236
0.956227
0.956219
0.95621
0.956202
0.956193
0.956185
0.956176
0.956168
0.956159
0.956151
0.956142
0.956134
0.956126
0.956117
0.956109
0.9561
0.956092
0.956084
0.956075
0.956067
0.956059
0.95605
0.956042
0.956034
0.956026
0.956017
0.956009
0.956001
0.955993
0.955984
0.955976
0.955968
0.95596
0.955952
0.955943
0.955935
0.955927
0.955919
0.955911
0.955903
0.955895
0.955887
0.955878
0.95587
0.955862
0.955854
0.955846
0.955838
0.95583
0.955822
0.955814
0.955806
0.955798
0.95579
0.955782
0.955774
0.955766
0.955758
0.95575
0.955743
0.955735
0.955727
0.955719
0.955711
0.955703
0.955695
0.955687
0.95568
0.955672
0.955664
0.955656
0.955648
0.95564
0.955633
0.955625
0.955617
0.955609
0.955602
0.955594
0.955586
0.955578
0.955571
0.955563
0.955555
0.955548
0.95554
0.955532
0.955525
0.955517
0.955509
0.955502
0.955494
0.955487
0.955479
0.955471
0.955464
0.955456
0.955449
0.955441
0.955434
0.955426
0.955419
0.955411
0.955404
0.955396
0.955389
0.955381
0.955374
0.955366
0.955359
0.955351
0.955344
0.955337
0.955329
0.955322
0.955314
0.955307
0.9553
0.955292
0.955285
0.955278
0.95527
0.955263
0.955256
0.955248
0.955241
0.955234
0.955226
0.955219
0.955212
0.955205
0.955197
0.95519
0.955183
0.955176
0.955169
0.955161
0.955154
0.955147
0.95514
0.955133
0.955126
0.955118
0.955111
0.955104
0.955097
0.95509
0.955083
0.955076
0.955069
0.955062
0.955055
0.955047
0.95504
0.955033
0.955026
0.955019
0.955012
0.955005
0.954998
0.954991
0.954984
0.954977
0.95497
0.954964
0.954957
0.95495
0.954943
0.954936
0.954929
0.954922
0.954915
0.954908
0.954901
0.954895
0.954888
0.954881
0.954874
0.954867
0.95486
0.954854
0.954847
0.95484
0.954833
0.954826
0.95482
0.954813
0.954806
0.954799
0.954793
0.954786
0.954779
0.954772
0.954766
0.954759
0.954752
0.954746
0.954739
0.954732
0.954726
0.954719
0.954712
0.954706
0.954699
0.954693
0.954686
0.954679
0.954673
0.954666
0.95466
0.954653
0.954646
0.95464
0.954633
0.954627
0.95462
0.954614
0.954607
0.954601
0.954594
0.954588
0.954581
0.954575
0.954568
0.954562
0.954556
0.954549
0.954543
0.954536
0.95453
0.954523
0.954517
0.954511
0.954504
0.954498
0.954492
0.954485
0.954479
0.954473
0.954466
0.95446
0.954454
0.954447
0.954441
0.954435
0.954428
0.954422
0.954416
0.95441
0.954403
0.954397
0.954391
0.954385
0.954378
0.954372
0.954366
0.95436
0.954354
0.954347
0.954341
0.954335
0.954329
0.954323
0.954317
0.95431
0.954304
0.954298
0.954292
0.954286
0.95428
0.954274
0.954268
0.954262
0.954256
0.95425
0.954243
0.954237
0.954231
0.954225
0.954219
0.954213
0.954207
0.954201
0.954195
0.954189
0.954183
0.954177
0.954171
0.954165
0.95416
0.954154
0.954148
0.954142
0.954136
0.95413
0.954124
0.954118
0.954112
0.954106
0.9541
0.954095
0.954089
0.954083
0.954077
0.954071
0.954065
0.95406
0.954054
0.954048
0.954042
0.954036
0.954031
0.954025
0.954019
0.954013
0.954007
0.954002
0.953996
0.95399
0.953984
0.953979
0.953973
0.953967
0.953962
0.953956
0.95395
0.953945
0.953939
0.953933
0.953928
0.953922
0.953916
0.953911
0.953905
0.953899
0.953894
0.953888
0.953883
0.953877
0.953871
0.953866
0.95386
0.953855
0.953849
0.953843
0.953838
0.953832
0.953827
0.953821
0.953816
0.95381
0.953805
0.953799
0.953794
0.953788
0.953783
0.953777
0.953772
0.953766
0.953761
0.953756
0.95375
0.953745
0.953739
0.953734
0.953728
0.953723
0.953718
0.953712
0.953707
0.953701
0.953696
0.953691
0.953685
0.95368
0.953675
0.953669
0.953664
0.953659
0.953653
0.953648
0.953643
0.953637
0.953632
0.953627
0.953622
0.953616
0.953611
0.953606
0.953601
0.953595
0.95359
0.953585
0.95358
0.953574
0.953569
0.953564
0.953559
0.953554
0.953548
0.953543
0.953538
0.953533
0.953528
0.953522
0.953517
0.953512
0.953507
0.953502
0.953497
0.953492
0.953487
0.953481
0.953476
0.953471
0.953466
0.953461
0.953456
0.953451
0.953446
0.953441
0.953436
0.953431
0.953426
0.953421
0.953416
0.953411
0.953406
0.953401
0.953396
0.953391
0.953386
0.953381
0.953376
0.953371
0.953366
0.953361
0.953356
0.953351
0.953346
0.953341
0.953336
0.953331
0.953326
0.953321
0.953317
0.953312
0.953307
0.953302
0.953297
0.953292
0.953287
0.953282
0.953278
0.953273
0.953268
0.953263
0.953258
0.953253
0.953249
0.953244
0.953239
0.953234
0.953229
0.953225
0.95322
0.953215
0.95321
0.953206
0.953201
0.953196
0.953191
0.953187
0.953182
0.953177
0.953172
0.953168
0.953163
0.953158
0.953154
0.953149
0.953144
0.953139
0.953135
0.95313
0.953125
0.953121
0.953116
0.953112
0.953107
0.953102
0.953098
0.953093
0.953088
0.953084
0.953079
0.953075
0.95307
0.953065
0.953061
0.953056
0.953052
0.953047
0.953043
0.953038
0.953033
0.953029
0.953024
0.95302
0.953015
0.953011
0.953006
0.953002
0.952997
0.952993
0.952988
0.952984
0.952979
0.952975
0.95297
0.952966
0.952961
0.952957
0.952953
0.952948
0.952944
0.952939
0.952935
0.95293
0.952926
0.952922
0.952917
0.952913
0.952908
0.952904
0.9529
0.952895
0.952891
0.952887
0.952882
0.952878
0.952873
0.952869
0.952865
0.95286
0.952856
0.952852
0.952847
0.952843
0.952839
0.952835
0.95283
0.952826
0.952822
0.952817
0.952813
0.952809
0.952805
0.9528
0.952796
0.952792
0.952788
0.952783
0.952779
0.952775
0.952771
0.952767
0.952762
0.952758
0.952754
0.95275
0.952746
0.952741
0.952737
0.952733
0.952729
0.952725
0.95272
0.952716
0.952712
0.952708
0.952704
0.9527
0.952696
0.952692
0.952687
0.952683
0.952679
0.952675
0.952671
0.952667
0.952663
0.952659
0.952655
0.952651
0.952647
0.952642
0.952638
0.952634
0.95263
0.952626
0.952622
0.952618
0.952614
0.95261
0.952606
0.952602
0.952598
0.952594
0.95259
0.952586
0.952582
0.952578
0.952574
0.95257
0.952566
0.952562
0.952558
0.952554
0.95255
0.952547
0.952543
0.952539
0.952535
0.952531
0.952527
0.952523
0.952519
0.952515
0.952511
0.952507
0.952503
0.9525
0.952496
0.952492
0.952488
0.952484
0.95248
0.952476
0.952473
0.952469
0.952465
0.952461
0.952457
0.952453
0.95245
0.952446
0.952442
0.952438
0.952434
0.952431
0.952427
0.952423
0.952419
0.952415
0.952412
0.952408
0.952404
0.9524
0.952397
0.952393
0.952389
0.952385
0.952382
0.952378
0.952374
0.95237
0.952367
0.952363
0.952359
0.952356
0.952352
0.952348
0.952345
0.952341
0.952337
0.952333
0.95233
0.952326
0.952322
0.952319
0.952315
0.952312
0.952308
0.952304
0.952301
0.952297
0.952293
0.95229
0.952286
0.952282
0.952279
0.952275
0.952272
0.952268
0.952264
0.952261
0.952257
0.952254
0.95225
0.952247
0.952243
0.952239
0.952236
0.952232
0.952229
0.952225
0.952222
0.952218
0.952215
0.952211
0.952208
0.952204
0.952201
0.952197
0.952194
0.95219
0.952187
0.952183
0.95218
0.952176
0.952173
0.952169
0.952166
0.952162
0.952159
0.952155
0.952152
0.952148
0.952145
0.952142
0.952138
0.952135
0.952131
0.952128
0.952124
0.952121
0.952118
0.952114
0.952111
0.952107
0.952104
0.952101
0.952097
0.952094
0.952091
0.952087
0.952084
0.95208
0.952077
0.952074
0.95207
0.952067
0.952064
0.95206
0.952057
0.952054
0.95205
0.952047
0.952044
0.95204
0.952037
0.952034
0.952031
0.952027
0.952024
0.952021
0.952017
0.952014
0.952011
0.952008
0.952004
0.952001
0.951998
0.951995
0.951991
0.951988
0.951985
0.951982
0.951978
0.951975
0.951972
0.951969
0.951965
0.951962
0.951959
0.951956
0.951953
0.951949
0.951946
0.951943
0.95194
0.951937
0.951933
0.95193
0.951927
0.951924
0.951921
0.951918
0.951914
0.951911
0.951908
0.951905
0.951902
0.951899
0.951896
0.951893
0.951889
0.951886
0.951883
0.95188
0.951877
0.951874
0.951871
0.951868
0.951865
0.951861
0.951858
0.951855
0.951852
0.951849
0.951846
0.951843
0.95184
0.951837
0.951834
0.951831
0.951828
0.951825
0.951822
0.951819
0.951816
0.951813
0.95181
0.951807
0.951804
0.9518
0.951797
0.951794
0.951791
0.951788
0.951785
0.951782
0.95178
0.951777
0.951774
0.951771
0.951768
0.951765
0.951762
0.951759
0.951756
0.951753
0.95175
0.951747
0.951744
0.951741
0.951738
0.951735
0.951732
0.951729
0.951726
0.951723
0.951721
0.951718
0.951715
0.951712
0.951709
0.951706
0.951703
0.9517
0.951697
0.951694
0.951692
0.951689
0.951686
0.951683
0.95168
0.951677
0.951674
0.951672
0.951669
0.951666
0.951663
0.95166
0.951657
0.951655
0.951652
0.951649
0.951646
0.951643
0.95164
0.951638
0.951635
0.951632
0.951629
0.951626
0.951624
0.951621
0.951618
0.951615
0.951613
0.95161
0.951607
0.951604
0.951601
0.951599
0.951596
0.951593
0.95159
0.951588
0.951585
0.951582
0.951579
0.951577
0.951574
0.951571
0.951569
0.951566
0.951563
0.95156
0.951558
0.951555
0.951552
0.95155
0.951547
0.951544
0.951541
0.951539
0.951536
0.951533
0.951531
0.951528
0.951525
0.951523
0.95152
0.951517
0.951515
0.951512
0.951509
0.951507
0.951504
0.951502
0.951499
0.951496
0.951494
0.951491
0.951488
0.951486
0.951483
0.951481
0.951478
0.951475
0.951473
0.95147
0.951467
0.951465
0.951462
0.95146
0.951457
0.951455
0.951452
0.951449
0.951447
0.951444
0.951442
0.951439
0.951437
0.951434
0.951431
0.951429
0.951426
0.951424
0.951421
0.951419
0.951416
0.951414
0.951411
0.951409
0.951406
0.951404
0.951401
0.951399
0.951396
0.951394
0.951391
0.951389
0.951386
0.951384
0.951381
0.951379
0.951376
0.951374
0.951371
0.951369
0.951366
0.951364
0.951361
0.951359
0.951356
0.951354
0.951351
0.951349
0.951347
0.951344
0.951342
0.951339
0.951337
0.951334
0.951332
0.951329
0.951327
0.951325
0.951322
0.95132
0.951317
0.951315
0.951313
0.95131
0.951308
0.951305
0.951303
0.951301
0.951298
0.951296
0.951293
0.951291
0.951289
0.951286
0.951284
0.951282
0.951279
0.951277
0.951274
0.951272
0.95127
0.951267
0.951265
0.951263
0.95126
0.951258
0.951256
0.951253
0.951251
0.951249
0.951246
0.951244
0.951242
0.951239
0.951237
0.951235
0.951233
0.95123
0.951228
0.951226
0.951223
0.951221
0.951219
0.951216
0.951214
0.951212
0.95121
0.951207
0.951205
0.951203
0.951201
0.951198
0.951196
0.951194
0.951192
0.951189
0.951187
0.951185
0.951183
0.95118
0.951178
0.951176
0.951174
0.951171
0.951169
0.951167
0.951165
0.951162
0.95116
0.951158
0.951156
0.951154
0.951151
0.951149
0.951147
0.951145
0.951143
0.95114
0.951138
0.951136
0.951134
0.951132
0.95113
0.951127
0.951125
0.951123
0.951121
0.951119
0.951117
0.951114
0.951112
0.95111
0.951108
0.951106
0.951104
0.951101
0.951099
0.951097
0.951095
0.951093
0.951091
0.951089
0.951087
0.951084
0.951082
0.95108
0.951078
0.951076
0.951074
0.951072
0.95107
0.951068
0.951065
0.951063
0.951061
0.951059
0.951057
0.951055
0.951053
0.951051
0.951049
0.951047
0.951045
0.951043
0.95104
0.951038
0.951036
0.951034
0.951032
0.95103
0.951028
0.951026
0.951024
0.951022
0.95102
0.951018
0.951016
0.951014
0.951012
0.95101
0.951008
0.951006
0.951004
0.951002
0.951
0.950998
0.950996
0.950994
0.950992
0.95099
0.950988
0.950986
0.950984
0.950982
0.95098
0.950978
0.950976
0.950974
0.950972
0.95097
0.950968
0.950966
0.950964
0.950962
0.95096
0.950958
0.950956
0.950954
0.950952
0.95095
0.950948
0.950946
0.950944
0.950942
0.95094
0.950938
0.950936
0.950935
0.950933
0.950931
0.950929
0.950927
0.950925
0.950923
0.950921
0.950919
0.950917
0.950915
0.950913
0.950912
0.95091
0.950908
0.950906
0.950904
0.950902
0.9509
0.950898
0.950896
0.950894
0.950893
0.950891
0.950889
0.950887
0.950885
0.950883
0.950881
0.950879
0.950878
0.950876
0.950874
0.950872
0.95087
0.950868
0.950866
0.950865
0.950863
0.950861
0.950859
0.950857
0.950855
0.950854
0.950852
0.95085
0.950848
0.950846
0.950844
0.950843
0.950841
0.950839
0.950837
0.950835
0.950834
0.950832
0.95083
0.950828
0.950826
0.950825
0.950823
0.950821
0.950819
0.950817
0.950816
0.950814
0.950812
0.95081
0.950808
0.950807
0.950805
0.950803
0.950801
0.9508
0.950798
0.950796
0.950794
0.950793
0.950791
0.950789
0.950787
0.950786
0.950784
0.950782
0.95078
0.950779
0.950777
0.950775
0.950773
0.950772
0.95077
0.950768
0.950766
0.950765
0.950763
0.950761
0.95076
0.950758
0.950756
0.950754
0.950753
0.950751
0.950749
0.950748
0.950746
0.950744
0.950743
0.950741
0.950739
0.950737
0.950736
0.950734
0.950732
0.950731
0.950729
0.950727
0.950726
0.950724
0.950722
0.950721
0.950719
0.950717
0.950716
0.950714
0.950712
0.950711
0.950709
0.950707
0.950706
0.950704
0.950702
0.950701
0.950699
0.950698
0.950696
0.950694
0.950693
0.950691
0.950689
0.950688
0.950686
0.950684
0.950683
0.950681
0.95068
0.950678
0.950676
0.950675
0.950673
0.950672
0.95067
0.950668
0.950667
0.950665
0.950664
0.950662
0.95066
0.950659
0.950657
0.950656
0.950654
0.950652
0.950651
0.950649
0.950648
0.950646
0.950645
0.950643
0.950641
0.95064
0.950638
0.950637
0.950635
0.950634
0.950632
0.95063
0.950629
0.950627
0.950626
0.950624
0.950623
0.950621
0.95062
0.950618
0.950617
0.950615
0.950613
0.950612
0.95061
0.950609
0.950607
0.950606
0.950604
0.950603
0.950601
0.9506
0.950598
0.950597
0.950595
0.950594
0.950592
0.950591
0.950589
0.950588
0.950586
0.950585
0.950583
0.950582
0.95058
0.950579
0.950577
0.950576
0.950574
0.950573
0.950571
0.95057
0.950568
0.950567
0.950565
0.950564
0.950562
0.950561
0.950559
0.950558
0.950557
0.950555
0.950554
0.950552
0.950551
0.950549
0.950548
0.950546
0.950545
0.950543
0.950542
0.950541
0.950539
0.950538
0.950536
0.950535
0.950533
0.950532
0.950531
0.950529
0.950528
0.950526
0.950525
0.950523
0.950522
0.950521
0.950519
0.950518
0.950516
0.950515
0.950513
0.950512
0.950511
0.950509
0.950508
0.950506
0.950505
0.950504
0.950502
0.950501
0.950499
0.950498
0.950497
0.950495
0.950494
0.950493
0.950491
0.95049
0.950488
0.950487
0.950486
0.950484
0.950483
0.950481
0.95048
0.950479
0.950477
0.950476
0.950475
0.950473
0.950472
0.950471
0.950469
0.950468
0.950467
0.950465
0.950464
0.950462
0.950461
0.95046
0.950458
0.950457
0.950456
0.950454
0.950453
0.950452
0.95045
0.950449
0.950448
0.950446
0.950445
0.950444
0.950442
0.950441
0.95044
0.950439
0.950437
0.950436
0.950435
0.950433
0.950432
0.950431
0.950429
0.950428
0.950427
0.950425
0.950424
0.950423
0.950422
0.95042
0.950419
0.950418
0.950416
0.950415
0.950414
0.950413
0.950411
0.95041
0.950409
0.950407
0.950406
0.950405
0.950404
0.950402
0.950401
0.9504
0.950398
0.950397
0.950396
0.950395
0.950393
0.950392
0.950391
0.95039
0.950388
0.950387
0.950386
0.950385
0.950383
0.950382
0.950381
0.95038
0.950378
0.950377
0.950376
0.950375
0.950373
0.950372
0.950371
0.95037
0.950369
0.950367
0.950366
0.950365
0.950364
0.950362
0.950361
0.95036
0.950359
0.950358
0.950356
0.950355
0.950354
0.950353
0.950351
0.95035
0.950349
0.950348
0.950347
0.950345
0.950344
0.950343
0.950342
0.950341
0.950339
0.950338
0.950337
0.950336
0.950335
0.950334
0.950332
0.950331
0.95033
0.950329
0.950328
0.950326
0.950325
0.950324
0.950323
0.950322
0.950321
0.950319
0.950318
0.950317
0.950316
0.950315
0.950314
0.950312
0.950311
0.95031
0.950309
0.950308
0.950307
0.950305
0.950304
0.950303
0.950302
0.950301
0.9503
0.950299
0.950297
0.950296
0.950295
0.950294
0.950293
0.950292
0.950291
0.95029
0.950288
0.950287
0.950286
0.950285
0.950284
0.950283
0.950282
0.95028
0.950279
0.950278
0.950277
0.950276
0.950275
0.950274
0.950273
0.950272
0.95027
0.950269
0.950268
0.950267
0.950266
0.950265
0.950264
0.950263
0.950262
0.950261
0.950259
0.950258
0.950257
0.950256
0.950255
0.950254
0.950253
0.950252
0.950251
0.95025
0.950249
0.950248
0.950246
0.950245
0.950244
0.950243
0.950242
0.950241
0.95024
0.950239
0.950238
0.950237
0.950236
0.950235
0.950234
0.950233
0.950231
0.95023
0.950229
0.950228
0.950227
0.950226
0.950225
0.950224
0.950223
0.950222
0.950221
0.95022
0.950219
0.950218
0.950217
0.950216
0.950215
0.950214
0.950213
0.950212
0.950211
0.95021
0.950209
0.950207
0.950206
0.950205
0.950204
0.950203
0.950202
0.950201
0.9502
0.950199
0.950198
0.950197
0.950196
0.950195
0.950194
0.950193
0.950192
0.950191
0.95019
0.950189
0.950188
0.950187
0.950186
0.950185
0.950184
0.950183
0.950182
0.950181
0.95018
0.950179
0.950178
0.950177
0.950176
0.950175
0.950174
0.950173
0.950172
0.950171
0.95017
0.950169
0.950168
0.950167
0.950166
0.950165
0.950164
0.950163
0.950162
0.950161
0.95016
0.95016
0.950159
0.950158
0.950157
0.950156
0.950155
0.950154
0.950153
0.950152
0.950151
0.95015
0.950149
0.950148
0.950147
0.950146
0.950145
0.950144
0.950143
0.950142
0.950141
0.95014
0.950139
0.950138
0.950138
0.950137
0.950136
0.950135
0.950134
0.950133
0.950132
0.950131
0.95013
0.950129
0.950128
0.950127
0.950126
0.950125
0.950124
0.950124
0.950123
0.950122
0.950121
0.95012
0.950119
0.950118
0.950117
0.950116
0.950115
0.950114
0.950113
0.950113
0.950112
0.950111
0.95011
0.950109
0.950108
0.950107
0.950106
0.950105
0.950104
0.950103
0.950103
0.950102
0.950101
0.9501
0.950099
0.950098
0.950097
0.950096
0.950095
0.950095
0.950094
0.950093
0.950092
0.950091
0.95009
0.950089
0.950088
0.950087
0.950087
0.950086
0.950085
0.950084
0.950083
0.950082
0.950081
0.95008
0.95008
0.950079
0.950078
0.950077
0.950076
0.950075
0.950074
0.950074
0.950073
0.950072
0.950071
0.95007
0.950069
0.950068
0.950068
0.950067
0.950066
0.950065
0.950064
0.950063
0.950062
0.950062
0.950061
0.95006
0.950059
0.950058
0.950057
0.950056
0.950056
0.950055
0.950054
0.950053
0.950052
0.950051
0.950051
0.95005
0.950049
0.950048
0.950047
0.950046
0.950046
0.950045
0.950044
0.950043
0.950042
0.950042
0.950041
0.95004
0.950039
0.950038
0.950037
0.950037
0.950036
0.950035
0.950034
0.950033
0.950033
0.950032
0.950031
0.95003
0.950029
0.950028
0.950028
0.950027
0.950026
0.950025
0.950024
0.950024
0.950023
0.950022
0.950021
0.95002
0.95002
0.950019
0.950018
0.950017
0.950016
0.950016
0.950015
0.950014
0.950013
0.950013
0.950012
0.950011
0.95001
0.950009
0.950009
0.950008
0.950007
0.950006
0.950006
0.950005
0.950004
0.950003
0.950002
0.950002
0.950001
0.95
0.949999
0.949999
0.949998
0.949997
0.949996
0.949995
0.949995
0.949994
0.949993
0.949992
0.949992
0.949991
0.94999
0.949989
0.949989
0.949988
0.949987
0.949986
0.949986
0.949985
0.949984
0.949983
0.949983
0.949982
0.949981
0.94998
0.94998
0.949979
0.949978
0.949977
0.949977
0.949976
0.949975
0.949974
0.949974
0.949973
0.949972
0.949971
0.949971
0.94997
0.949969
0.949969
0.949968
0.949967
0.949966
0.949966
0.949965
0.949964
0.949963
0.949963
0.949962
0.949961
0.949961
0.94996
0.949959
0.949958
0.949958
0.949957
0.949956
0.949956
0.949955
0.949954
0.949953
0.949953
0.949952
0.949951
0.949951
0.94995
0.949949
0.949948
0.949948
0.949947
0.949946
0.949946
0.949945
0.949944
0.949943
0.949943
0.949942
0.949941
0.949941
0.94994
0.949939
0.949939
0.949938
0.949937
0.949936
0.949936
0.949935
0.949934
0.949934
0.949933
0.949932
0.949932
0.949931
0.94993
0.94993
0.949929
0.949928
0.949928
0.949927
0.949926
0.949926
0.949925
0.949924
0.949924
0.949923
0.949922
0.949921
0.949921
0.94992
0.949919
0.949919
0.949918
0.949917
0.949917
0.949916
0.949915
0.949915
0.949914
0.949913
0.949913
0.949912
0.949911
0.949911
0.94991
0.949909
0.949909
0.949908
0.949908
0.949907
0.949906
0.949906
0.949905
0.949904
0.949904
0.949903
0.949902
0.949902
0.949901
0.9499
0.9499
0.949899
0.949898
0.949898
0.949897
0.949896
0.949896
0.949895
0.949895
0.949894
0.949893
0.949893
0.949892
0.949891
0.949891
0.94989
0.949889
0.949889
0.949888
0.949888
0.949887
0.949886
0.949886
0.949885
0.949884
0.949884
0.949883
0.949883
0.949882
0.949881
0.949881
0.94988
0.949879
0.949879
0.949878
0.949878
0.949877
0.949876
0.949876
0.949875
0.949874
0.949874
0.949873
0.949873
0.949872
0.949871
0.949871
0.94987
0.94987
0.949869
0.949868
0.949868
0.949867
0.949867
0.949866
0.949865
0.949865
0.949864
0.949864
0.949863
0.949862
0.949862
0.949861
0.949861
0.94986
0.949859
0.949859
0.949858
0.949858
0.949857
0.949856
0.949856
0.949855
0.949855
0.949854
0.949853
0.949853
0.949852
0.949852
0.949851
0.94985
0.94985
0.949849
0.949849
0.949848
0.949848
0.949847
0.949846
0.949846
0.949845
0.949845
0.949844
0.949844
0.949843
0.949842
0.949842
0.949841
0.949841
0.94984
0.94984
0.949839
0.949838
0.949838
0.949837
0.949837
0.949836
0.949836
0.949835
0.949834
0.949834
0.949833
0.949833
0.949832
0.949832
0.949831
0.94983
0.94983
0.949829
0.949829
0.949828
0.949828
0.949827
0.949827
0.949826
0.949825
0.949825
0.949824
0.949824
0.949823
0.949823
0.949822
0.949822
0.949821
0.94982
0.94982
0.949819
0.949819
0.949818
0.949818
0.949817
0.949817
0.949816
0.949816
0.949815
0.949815
0.949814
0.949813
0.949813
0.949812
0.949812
0.949811
0.949811
0.94981
0.94981
0.949809
0.949809
0.949808
0.949808
0.949807
0.949806
0.949806
0.949805
0.949805
0.949804
0.949804
0.949803
0.949803
0.949802
0.949802
0.949801
0.949801
0.9498
0.9498
0.949799
0.949799
0.949798
0.949798
0.949797
0.949797
0.949796
0.949795
0.949795
0.949794
0.949794
0.949793
0.949793
0.949792
0.949792
0.949791
0.949791
0.94979
0.94979
0.949789
0.949789
0.949788
0.949788
0.949787
0.949787
0.949786
0.949786
0.949785
0.949785
0.949784
0.949784
0.949783
0.949783
0.949782
0.949782
0.949781
0.949781
0.94978
0.94978
0.949779
0.949779
0.949778
0.949778
0.949777
0.949777
0.949776
0.949776
0.949775
0.949775
0.949774
0.949774
0.949773
0.949773
0.949772
0.949772
0.949771
0.949771
0.94977
0.94977
0.949769
0.949769
0.949768
0.949768
0.949768
0.949767
0.949767
0.949766
0.949766
0.949765
0.949765
0.949764
0.949764
0.949763
0.949763
0.949762
0.949762
0.949761
0.949761
0.94976
0.94976
0.949759
0.949759
0.949758
0.949758
0.949758
0.949757
0.949757
0.949756
0.949756
0.949755
0.949755
0.949754
0.949754
0.949753
0.949753
0.949752
0.949752
0.949751
0.949751
0.949751
0.94975
0.94975
0.949749
0.949749
0.949748
0.949748
0.949747
0.949747
0.949746
0.949746
0.949746
0.949745
0.949745
0.949744
0.949744
0.949743
0.949743
0.949742
0.949742
0.949741
0.949741
0.949741
0.94974
0.94974
0.949739
0.949739
0.949738
0.949738
0.949737
0.949737
0.949737
0.949736
0.949736
0.949735
0.949735
0.949734
0.949734
0.949733
0.949733
0.949733
0.949732
0.949732
0.949731
0.949731
0.94973
0.94973
0.94973
0.949729
0.949729
0.949728
0.949728
0.949727
0.949727
0.949727
0.949726
0.949726
0.949725
0.949725
0.949724
0.949724
0.949724
0.949723
0.949723
0.949722
0.949722
0.949721
0.949721
0.949721
0.94972
0.94972
0.949719
0.949719
0.949718
0.949718
0.949718
0.949717
0.949717
0.949716
0.949716
0.949715
0.949715
0.949715
0.949714
0.949714
0.949713
0.949713
0.949713
0.949712
0.949712
0.949711
0.949711
0.949711
0.94971
0.94971
0.949709
0.949709
0.949708
0.949708
0.949708
0.949707
0.949707
0.949706
0.949706
0.949706
0.949705
0.949705
0.949704
0.949704
0.949704
0.949703
0.949703
0.949702
0.949702
0.949702
0.949701
0.949701
0.9497
0.9497
0.9497
0.949699
0.949699
0.949698
0.949698
0.949698
0.949697
0.949697
0.949696
0.949696
0.949696
0.949695
0.949695
0.949694
0.949694
0.949694
0.949693
0.949693
0.949693
0.949692
0.949692
0.949691
0.949691
0.949691
0.94969
0.94969
0.949689
0.949689
0.949689
0.949688
0.949688
0.949688
0.949687
0.949687
0.949686
0.949686
0.949686
0.949685
0.949685
0.949684
0.949684
0.949684
0.949683
0.949683
0.949683
0.949682
0.949682
0.949681
0.949681
0.949681
0.94968
0.94968
0.94968
0.949679
0.949679
0.949678
0.949678
0.949678
0.949677
0.949677
0.949677
0.949676
0.949676
0.949676
0.949675
0.949675
0.949674
0.949674
0.949674
0.949673
0.949673
0.949673
0.949672
0.949672
0.949672
0.949671
0.949671
0.94967
0.94967
0.94967
0.949669
0.949669
0.949669
0.949668
0.949668
0.949668
0.949667
0.949667
0.949666
0.949666
0.949666
0.949665
0.949665
0.949665
0.949664
0.949664
0.949664
0.949663
0.949663
0.949663
0.949662
0.949662
0.949662
0.949661
0.949661
0.94966
0.94966
0.94966
0.949659
0.949659
0.949659
0.949658
0.949658
0.949658
0.949657
0.949657
0.949657
0.949656
0.949656
0.949656
0.949655
0.949655
0.949655
0.949654
0.949654
0.949654
0.949653
0.949653
0.949653
0.949652
0.949652
0.949652
0.949651
0.949651
0.949651
0.94965
0.94965
0.94965
0.949649
0.949649
0.949649
0.949648
0.949648
0.949648
0.949647
0.949647
0.949647
0.949646
0.949646
0.949646
0.949645
0.949645
0.949645
0.949644
0.949644
0.949644
0.949643
0.949643
0.949643
0.949642
0.949642
0.949642
0.949641
0.949641
0.949641
0.94964
0.94964
0.94964
0.949639
0.949639
0.949639
0.949638
0.949638
0.949638
0.949637
0.949637
0.949637
0.949636
0.949636
0.949636
0.949636
0.949635
0.949635
0.949635
0.949634
0.949634
0.949634
0.949633
0.949633
0.949633
0.949632
0.949632
0.949632
0.949631
0.949631
0.949631
0.94963
0.94963
0.94963
0.94963
0.949629
0.949629
0.949629
0.949628
0.949628
0.949628
0.949627
0.949627
0.949627
0.949626
0.949626
0.949626
0.949626
0.949625
0.949625
0.949625
0.949624
0.949624
0.949624
0.949623
0.949623
0.949623
0.949623
0.949622
0.949622
0.949622
0.949621
0.949621
0.949621
0.94962
0.94962
0.94962
0.94962
0.949619
0.949619
0.949619
0.949618
0.949618
0.949618
0.949617
0.949617
0.949617
0.949617
0.949616
0.949616
0.949616
0.949615
0.949615
0.949615
0.949615
0.949614
0.949614
0.949614
0.949613
0.949613
0.949613
0.949612
0.949612
0.949612
0.949612
0.949611
0.949611
0.949611
0.94961
0.94961
0.94961
0.94961
0.949609
0.949609
0.949609
0.949608
0.949608
0.949608
0.949608
0.949607
0.949607
0.949607
0.949606
0.949606
0.949606
0.949606
0.949605
0.949605
0.949605
0.949605
0.949604
0.949604
0.949604
0.949603
0.949603
0.949603
0.949603
0.949602
0.949602
0.949602
0.949601
0.949601
0.949601
0.949601
0.9496
0.9496
0.9496
0.9496
0.949599
0.949599
0.949599
0.949598
0.949598
0.949598
0.949598
0.949597
0.949597
0.949597
0.949597
0.949596
0.949596
0.949596
0.949596
0.949595
0.949595
0.949595
0.949594
0.949594
0.949594
0.949594
0.949593
0.949593
0.949593
0.949593
0.949592
0.949592
0.949592
0.949592
0.949591
0.949591
0.949591
0.94959
0.94959
0.94959
0.94959
0.949589
0.949589
0.949589
0.949589
0.949588
0.949588
0.949588
0.949588
0.949587
0.949587
0.949587
0.949587
0.949586
0.949586
0.949586
0.949586
0.949585
0.949585
0.949585
0.949585
0.949584
0.949584
0.949584
0.949584
0.949583
0.949583
0.949583
0.949583
0.949582
0.949582
0.949582
0.949582
0.949581
0.949581
0.949581
0.949581
0.94958
0.94958
0.94958
0.94958
0.949579
0.949579
0.949579
0.949579
0.949578
0.949578
0.949578
0.949578
0.949577
0.949577
0.949577
0.949577
0.949576
0.949576
0.949576
0.949576
0.949575
0.949575
0.949575
0.949575
0.949574
0.949574
0.949574
0.949574
0.949573
0.949573
0.949573
0.949573
0.949572
0.949572
0.949572
0.949572
0.949571
0.949571
0.949571
0.949571
0.949571
0.94957
0.94957
0.94957
0.94957
0.949569
0.949569
0.949569
0.949569
0.949568
0.949568
0.949568
0.949568
0.949567
0.949567
0.949567
0.949567
0.949567
0.949566
0.949566
0.949566
0.949566
0.949565
0.949565
0.949565
0.949565
0.949564
0.949564
0.949564
0.949564
0.949564
0.949563
0.949563
0.949563
0.949563
0.949562
0.949562
0.949562
0.949562
0.949562
0.949561
0.949561
0.949561
0.949561
0.94956
0.94956
0.94956
0.94956
0.94956
0.949559
0.949559
0.949559
0.949559
0.949558
0.949558
0.949558
0.949558
0.949558
0.949557
0.949557
0.949557
0.949557
0.949556
0.949556
0.949556
0.949556
0.949556
0.949555
0.949555
0.949555
0.949555
0.949554
0.949554
0.949554
0.949554
0.949554
0.949553
0.949553
0.949553
0.949553
0.949553
0.949552
0.949552
0.949552
0.949552
0.949551
0.949551
0.949551
0.949551
0.949551
0.94955
0.94955
0.94955
0.94955
0.94955
0.949549
0.949549
0.949549
0.949549
0.949548
0.949548
0.949548
0.949548
0.949548
0.949547
0.949547
0.949547
0.949547
0.949547
0.949546
0.949546
0.949546
0.949546
0.949546
0.949545
0.949545
0.949545
0.949545
0.949545
0.949544
0.949544
0.949544
0.949544
0.949544
0.949543
0.949543
0.949543
0.949543
0.949543
0.949542
0.949542
0.949542
0.949542
0.949542
0.949541
0.949541
0.949541
0.949541
0.949541
0.94954
0.94954
0.94954
0.94954
0.94954
0.949539
0.949539
0.949539
0.949539
0.949539
0.949538
0.949538
0.949538
0.949538
0.949538
0.949537
0.949537
0.949537
0.949537
0.949537
0.949536
0.949536
0.949536
0.949536
0.949536
0.949535
0.949535
0.949535
0.949535
0.949535
0.949534
0.949534
0.949534
0.949534
0.949534
0.949533
0.949533
0.949533
0.949533
0.949533
0.949533
0.949532
0.949532
0.949532
0.949532
0.949532
0.949531
0.949531
0.949531
0.949531
0.949531
0.94953
0.94953
0.94953
0.94953
0.94953
0.94953
0.949529
0.949529
0.949529
0.949529
0.949529
0.949528
0.949528
0.949528
0.949528
0.949528
0.949528
0.949527
0.949527
0.949527
0.949527
0.949527
0.949526
0.949526
0.949526
0.949526
0.949526
0.949526
0.949525
0.949525
0.949525
0.949525
0.949525
0.949524
0.949524
0.949524
0.949524
0.949524
0.949524
0.949523
0.949523
0.949523
0.949523
0.949523
0.949522
0.949522
0.949522
0.949522
0.949522
0.949522
0.949521
0.949521
0.949521
0.949521
0.949521
0.949521
0.94952
0.94952
0.94952
0.94952
0.94952
0.949519
0.949519
0.949519
0.949519
0.949519
0.949519
0.949518
0.949518
0.949518
0.949518
0.949518
0.949518
0.949517
0.949517
0.949517
0.949517
0.949517
0.949517
0.949516
0.949516
0.949516
0.949516
0.949516
0.949516
0.949515
0.949515
0.949515
0.949515
0.949515
0.949515
0.949514
0.949514
0.949514
0.949514
0.949514
0.949514
0.949513
0.949513
0.949513
0.949513
0.949513
0.949513
0.949512
0.949512
0.949512
0.949512
0.949512
0.949512
0.949511
0.949511
0.949511
0.949511
0.949511
0.949511
0.94951
0.94951
0.94951
0.94951
0.94951
0.94951
0.949509
0.949509
0.949509
0.949509
0.949509
0.949509
0.949508
0.949508
0.949508
0.949508
0.949508
0.949508
0.949508
0.949507
0.949507
0.949507
0.949507
0.949507
0.949507
0.949506
0.949506
0.949506
0.949506
0.949506
0.949506
0.949506
0.949505
0.949505
0.949505
0.949505
0.949505
0.949505
0.949504
0.949504
0.949504
0.949504
0.949504
0.949504
0.949503
0.949503
0.949503
0.949503
0.949503
0.949503
0.949503
0.949502
0.949502
0.949502
0.949502
0.949502
0.949502
0.949502
0.949501
0.949501
0.949501
0.949501
0.949501
0.949501
0.9495
0.9495
0.9495
0.9495
0.9495
0.9495
0.9495
0.949499
0.949499
0.949499
0.949499
0.949499
0.949499
0.949499
0.949498
0.949498
0.949498
0.949498
0.949498
0.949498
0.949498
0.949497
0.949497
0.949497
0.949497
0.949497
0.949497
0.949496
0.949496
0.949496
0.949496
0.949496
0.949496
0.949496
0.949495
0.949495
0.949495
0.949495
0.949495
0.949495
0.949495
0.949494
0.949494
0.949494
0.949494
0.949494
0.949494
0.949494
0.949493
0.949493
0.949493
0.949493
0.949493
0.949493
0.949493
0.949493
0.949492
0.949492
0.949492
0.949492
0.949492
0.949492
0.949492
0.949491
0.949491
0.949491
0.949491
0.949491
0.949491
0.949491
0.94949
0.94949
0.94949
0.94949
0.94949
0.94949
0.94949
0.949489
0.949489
0.949489
0.949489
0.949489
0.949489
0.949489
0.949489
0.949488
0.949488
0.949488
0.949488
0.949488
0.949488
0.949488
0.949487
0.949487
0.949487
0.949487
0.949487
0.949487
0.949487
0.949487
0.949486
0.949486
0.949486
0.949486
0.949486
0.949486
0.949486
0.949485
0.949485
0.949485
0.949485
0.949485
0.949485
0.949485
0.949485
0.949484
0.949484
0.949484
0.949484
0.949484
0.949484
0.949484
0.949484
0.949483
0.949483
0.949483
0.949483
0.949483
0.949483
0.949483
0.949482
0.949482
0.949482
0.949482
0.949482
0.949482
0.949482
0.949482
0.949481
0.949481
0.949481
0.949481
0.949481
0.949481
0.949481
0.949481
0.94948
0.94948
0.94948
0.94948
0.94948
0.94948
0.94948
0.94948
0.949479
0.949479
0.949479
0.949479
0.949479
0.949479
0.949479
0.949479
0.949478
0.949478
0.949478
0.949478
0.949478
0.949478
0.949478
0.949478
0.949478
0.949477
0.949477
0.949477
0.949477
0.949477
0.949477
0.949477
0.949477
0.949476
0.949476
0.949476
0.949476
0.949476
0.949476
0.949476
0.949476
0.949475
0.949475
0.949475
0.949475
0.949475
0.949475
0.949475
0.949475
0.949475
0.949474
0.949474
0.949474
0.949474
0.949474
0.949474
0.949474
0.949474
0.949473
0.949473
0.949473
0.949473
0.949473
0.949473
0.949473
0.949473
0.949473
0.949472
0.949472
0.949472
0.949472
0.949472
0.949472
0.949472
0.949472
0.949472
0.949471
0.949471
0.949471
0.949471
0.949471
0.949471
0.949471
0.949471
0.949471
0.94947
0.94947
0.94947
0.94947
0.94947
0.94947
0.94947
0.94947
0.94947
0.949469
0.949469
0.949469
0.949469
0.949469
0.949469
0.949469
0.949469
0.949469
0.949468
0.949468
0.949468
0.949468
0.949468
0.949468
0.949468
0.949468
0.949468
0.949467
0.949467
0.949467
0.949467
0.949467
0.949467
0.949467
0.949467
0.949467
0.949466
0.949466
0.949466
0.949466
0.949466
0.949466
0.949466
0.949466
0.949466
0.949465
0.949465
0.949465
0.949465
0.949465
0.949465
0.949465
0.949465
0.949465
0.949465
0.949464
0.949464
0.949464
0.949464
0.949464
0.949464
0.949464
0.949464
0.949464
0.949463
0.949463
0.949463
0.949463
0.949463
0.949463
0.949463
0.949463
0.949463
0.949463
0.949462
0.949462
0.949462
0.949462
0.949462
0.949462
0.949462
0.949462
0.949462
0.949462
0.949461
0.949461
0.949461
0.949461
0.949461
0.949461
0.949461
0.949461
0.949461
0.949461
0.94946
0.94946
0.94946
0.94946
0.94946
0.94946
0.94946
0.94946
0.94946
0.94946
0.949459
0.949459
0.949459
0.949459
0.949459
0.949459
0.949459
0.949459
0.949459
0.949459
0.949458
0.949458
0.949458
0.949458
0.949458
0.949458
0.949458
0.949458
0.949458
0.949458
0.949458
0.949457
0.949457
0.949457
0.949457
0.949457
0.949457
0.949457
0.949457
0.949457
0.949457
0.949456
0.949456
0.949456
0.949456
0.949456
0.949456
0.949456
0.949456
0.949456
0.949456
0.949456
0.949455
0.949455
0.949455
0.949455
0.949455
0.949455
0.949455
0.949455
0.949455
0.949455
0.949454
0.949454
0.949454
0.949454
0.949454
0.949454
0.949454
0.949454
0.949454
0.949454
0.949454
0.949453
0.949453
0.949453
0.949453
0.949453
0.949453
0.949453
0.949453
0.949453
0.949453
0.949453
0.949452
0.949452
0.949452
0.949452
0.949452
0.949452
0.949452
0.949452
0.949452
0.949452
0.949452
0.949451
0.949451
0.949451
0.949451
0.949451
0.949451
0.949451
0.949451
0.949451
0.949451
0.949451
0.949451
0.94945
0.94945
0.94945
0.94945
0.94945
0.94945
0.94945
0.94945
0.94945
0.94945
0.94945
0.949449
0.949449
0.949449
0.949449
0.949449
0.949449
0.949449
0.949449
0.949449
0.949449
0.949449
0.949449
0.949448
0.949448
0.949448
0.949448
0.949448
0.949448
0.949448
0.949448
0.949448
0.949448
0.949448
0.949448
0.949447
0.949447
0.949447
0.949447
0.949447
0.949447
0.949447
0.949447
0.949447
0.949447
0.949447
0.949447
0.949446
0.949446
0.949446
0.949446
0.949446
0.949446
0.949446
0.949446
0.949446
0.949446
0.949446
0.949446
0.949445
0.949445
0.949445
0.949445
0.949445
0.949445
0.949445
0.949445
0.949445
0.949445
0.949445
0.949445
0.949444
0.949444
0.949444
0.949444
0.949444
0.949444
0.949444
0.949444
0.949444
0.949444
0.949444
0.949444
0.949444
0.949443
0.949443
0.949443
0.949443
0.949443
0.949443
0.949443
0.949443
0.949443
0.949443
0.949443
0.949443
0.949443
0.949442
0.949442
0.949442
0.949442
0.949442
0.949442
0.949442
0.949442
0.949442
0.949442
0.949442
0.949442
0.949442
0.949441
0.949441
0.949441
0.949441
0.949441
0.949441
0.949441
0.949441
0.949441
0.949441
0.949441
0.949441
0.949441
0.94944
0.94944
0.94944
0.94944
0.94944
0.94944
0.94944
0.94944
0.94944
0.94944
0.94944
0.94944
0.94944
0.949439
0.949439
0.949439
0.949439
0.949439
0.949439
0.949439
0.949439
0.949439
0.949439
0.949439
0.949439
0.949439
0.949439
0.949438
0.949438
0.949438
0.949438
0.949438
0.949438
0.949438
0.949438
0.949438
0.949438
0.949438
0.949438
0.949438
0.949438
0.949437
0.949437
0.949437
0.949437
0.949437
0.949437
0.949437
0.949437
0.949437
0.949437
0.949437
0.949437
0.949437
0.949437
0.949436
0.949436
0.949436
0.949436
0.949436
0.949436
0.949436
0.949436
0.949436
0.949436
0.949436
0.949436
0.949436
0.949436
0.949435
0.949435
0.949435
0.949435
0.949435
0.949435
0.949435
0.949435
0.949435
0.949435
0.949435
0.949435
0.949435
0.949435
0.949435
0.949434
0.949434
0.949434
0.949434
0.949434
0.949434
0.949434
0.949434
0.949434
0.949434
0.949434
0.949434
0.949434
0.949434
0.949434
0.949433
0.949433
0.949433
0.949433
0.949433
0.949433
0.949433
0.949433
0.949433
0.949433
0.949433
0.949433
0.949433
0.949433
0.949433
0.949432
0.949432
0.949432
0.949432
0.949432
0.949432
0.949432
0.949432
0.949432
0.949432
0.949432
0.949432
0.949432
0.949432
0.949432
0.949432
0.949431
0.949431
0.949431
0.949431
0.949431
0.949431
0.949431
0.949431
0.949431
0.949431
0.949431
0.949431
0.949431
0.949431
0.949431
0.949431
0.94943
0.94943
0.94943
0.94943
0.94943
0.94943
0.94943
0.94943
0.94943
0.94943
0.94943
0.94943
0.94943
0.94943
0.94943
0.94943
0.949429
0.949429
0.949429
0.949429
0.949429
0.949429
0.949429
0.949429
0.949429
0.949429
0.949429
0.949429
0.949429
0.949429
0.949429
0.949429
0.949428
0.949428
0.949428
0.949428
0.949428
0.949428
0.949428
0.949428
0.949428
0.949428
0.949428
0.949428
0.949428
0.949428
0.949428
0.949428
0.949428
0.949427
0.949427
0.949427
0.949427
0.949427
0.949427
0.949427
0.949427
0.949427
0.949427
0.949427
0.949427
0.949427
0.949427
0.949427
0.949427
0.949427
0.949426
0.949426
0.949426
0.949426
0.949426
0.949426
0.949426
0.949426
0.949426
0.949426
0.949426
0.949426
0.949426
0.949426
0.949426
0.949426
0.949426
0.949426
0.949425
0.949425
0.949425
0.949425
0.949425
0.949425
0.949425
0.949425
0.949425
0.949425
0.949425
0.949425
0.949425
0.949425
0.949425
0.949425
0.949425
0.949425
0.949424
0.949424
0.949424
0.949424
0.949424
0.949424
0.949424
0.949424
0.949424
0.949424
0.949424
0.949424
0.949424
0.949424
0.949424
0.949424
0.949424
0.949424
0.949423
0.949423
0.949423
0.949423
0.949423
0.949423
0.949423
0.949423
0.949423
0.949423
0.949423
0.949423
0.949423
0.949423
0.949423
0.949423
0.949423
0.949423
0.949423
0.949422
0.949422
0.949422
0.949422
0.949422
0.949422
0.949422
0.949422
0.949422
0.949422
0.949422
0.949422
0.949422
0.949422
0.949422
0.949422
0.949422
0.949422
0.949422
0.949421
0.949421
0.949421
0.949421
0.949421
0.949421
0.949421
0.949421
0.949421
0.949421
0.949421
0.949421
0.949421
0.949421
0.949421
0.949421
0.949421
0.949421
0.949421
0.94942
0.94942
0.94942
0.94942
0.94942
0.94942
0.94942
0.94942
0.94942
0.94942
0.94942
0.94942
0.94942
0.94942
0.94942
0.94942
0.94942
0.94942
0.94942
0.94942
0.94942
0.949419
0.949419
0.949419
0.949419
0.949419
0.949419
0.949419
0.949419
0.949419
0.949419
0.949419
0.949419
0.949419
0.949419
0.949419
0.949419
0.949419
0.949419
0.949419
0.949419
0.949418
0.949418
0.949418
0.949418
0.949418
0.949418
0.949418
0.949418
0.949418
0.949418
0.949418
0.949418
0.949418
0.949418
0.949418
0.949418
0.949418
0.949418
0.949418
0.949418
0.949418
0.949418
0.949417
0.949417
0.949417
0.949417
0.949417
0.949417
0.949417
0.949417
0.949417
0.949417
0.949417
0.949417
0.949417
0.949417
0.949417
0.949417
0.949417
0.949417
0.949417
0.949417
0.949417
0.949416
0.949416
0.949416
0.949416
0.949416
0.949416
0.949416
0.949416
0.949416
0.949416
0.949416
0.949416
0.949416
0.949416
0.949416
0.949416
0.949416
0.949416
0.949416
0.949416
0.949416
0.949416
0.949416
0.949415
0.949415
0.949415
0.949415
0.949415
0.949415
0.949415
0.949415
0.949415
0.949415
0.949415
0.949415
0.949415
0.949415
0.949415
0.949415
0.949415
0.949415
0.949415
0.949415
0.949415
0.949415
0.949415
0.949414
0.949414
0.949414
0.949414
0.949414
0.949414
0.949414
0.949414
0.949414
0.949414
0.949414
0.949414
0.949414
0.949414
0.949414
0.949414
0.949414
0.949414
0.949414
0.949414
0.949414
0.949414
0.949414
0.949414
0.949413
0.949413
0.949413
0.949413
0.949413
0.949413
0.949413
0.949413
0.949413
0.949413
0.949413
0.949413
0.949413
0.949413
0.949413
0.949413
0.949413
0.949413
0.949413
0.949413
0.949413
0.949413
0.949413
0.949413
0.949412
0.949412
0.949412
0.949412
0.949412
0.949412
0.949412
0.949412
0.949412
0.949412
0.949412
0.949412
0.949412
0.949412
0.949412
