0.100698
0.100595
0.100493
0.100391
0.100289
0.100188
0.100087
0.0999856
0.0998846
0.0997838
0.0996831
0.0995825
0.099482
0.0993816
0.0992814
0.0991812
0.0990812
0.0989813
0.0988815
0.0987818
0.0986822
0.0985827
0.0984833
0.098384
0.0982849
0.0981858
0.0980869
0.097988
0.0978893
0.0977906
0.0976921
0.0975936
0.0974953
0.0973971
0.0972989
0.0972009
0.097103
0.0970052
0.0969074
0.0968098
0.0967123
0.0966149
0.0965175
0.0964203
0.0963232
0.0962262
0.0961293
0.0960325
0.0959357
0.0958391
0.0957426
0.0956462
0.0955498
0.0954536
0.0953575
0.0952615
0.0951655
0.0950697
0.094974
0.0948783
0.0947828
0.0946873
0.094592
0.0944968
0.0944016
0.0943066
0.0942116
0.0941167
0.094022
0.0939273
0.0938327
0.0937383
0.0936439
0.0935496
0.0934554
0.0933613
0.0932673
0.0931735
0.0930796
0.0929859
0.0928923
0.0927988
0.0927054
0.0926121
0.0925188
0.0924257
0.0923327
0.0922397
0.0921469
0.0920541
0.0919614
0.0918689
0.0917764
0.091684
0.0915917
0.0914995
0.0914074
0.0913154
0.0912235
0.0911317
0.0910399
0.0909483
0.0908567
0.0907653
0.0906739
0.0905827
0.0904915
0.0904004
0.0903094
0.0902185
0.0901277
0.090037
0.0899464
0.0898559
0.0897654
0.0896751
0.0895848
0.0894947
0.0894046
0.0893146
0.0892247
0.0891349
0.0890452
0.0889556
0.0888661
0.0887766
0.0886873
0.088598
0.0885089
0.0884198
0.0883308
0.0882419
0.0881531
0.0880644
0.0879758
0.0878872
0.0877988
0.0877104
0.0876221
0.087534
0.0874459
0.0873579
0.08727
0.0871821
0.0870944
0.0870068
0.0869192
0.0868317
0.0867444
0.0866571
0.0865699
0.0864827
0.0863957
0.0863088
0.0862219
0.0861352
0.0860485
0.0859619
0.0858754
0.085789
0.0857026
0.0856164
0.0855302
0.0854442
0.0853582
0.0852723
0.0851865
0.0851008
0.0850152
0.0849296
0.0848441
0.0847588
0.0846735
0.0845883
0.0845032
0.0844181
0.0843332
0.0842483
0.0841636
0.0840789
0.0839943
0.0839098
0.0838253
0.083741
0.0836567
0.0835725
0.0834885
0.0834044
0.0833205
0.0832367
0.0831529
0.0830693
0.0829857
0.0829022
0.0828188
0.0827354
0.0826522
0.082569
0.082486
0.082403
0.0823201
0.0822372
0.0821545
0.0820718
0.0819892
0.0819068
0.0818243
0.081742
0.0816598
0.0815776
0.0814955
0.0814135
0.0813316
0.0812498
0.081168
0.0810864
0.0810048
0.0809233
0.0808419
0.0807605
0.0806793
0.0805981
0.080517
0.080436
0.0803551
0.0802742
0.0801935
0.0801128
0.0800322
0.0799517
0.0798712
0.0797909
0.0797106
0.0796304
0.0795503
0.0794702
0.0793903
0.0793104
0.0792306
0.0791509
0.0790713
0.0789917
0.0789122
0.0788329
0.0787535
0.0786743
0.0785952
0.0785161
0.0784371
0.0783582
0.0782793
0.0782006
0.0781219
0.0780433
0.0779648
0.0778864
0.077808
0.0777297
0.0776515
0.0775734
0.0774954
0.0774174
0.0773395
0.0772617
0.077184
0.0771063
0.0770288
0.0769513
0.0768738
0.0767965
0.0767192
0.0766421
0.076565
0.0764879
0.076411
0.0763341
0.0762573
0.0761806
0.076104
0.0760274
0.0759509
0.0758745
0.0757982
0.0757219
0.0756457
0.0755696
0.0754936
0.0754177
0.0753418
0.075266
0.0751903
0.0751146
0.0750391
0.0749636
0.0748882
0.0748128
0.0747376
0.0746624
0.0745873
0.0745122
0.0744373
0.0743624
0.0742876
0.0742129
0.0741382
0.0740636
0.0739891
0.0739147
0.0738403
0.073766
0.0736918
0.0736177
0.0735436
0.0734696
0.0733957
0.0733219
0.0732481
0.0731745
0.0731008
0.0730273
0.0729538
0.0728804
0.0728071
0.0727339
0.0726607
0.0725876
0.0725146
0.0724417
0.0723688
0.072296
0.0722233
0.0721506
0.072078
0.0720055
0.0719331
0.0718607
0.0717884
0.0717162
0.0716441
0.071572
0.0715
0.0714281
0.0713562
0.0712844
0.0712127
0.0711411
0.0710695
0.070998
0.0709266
0.0708553
0.070784
0.0707128
0.0706416
0.0705706
0.0704996
0.0704287
0.0703578
0.070287
0.0702163
0.0701457
0.0700751
0.0700046
0.0699342
0.0698639
0.0697936
0.0697234
0.0696532
0.0695832
0.0695132
0.0694433
0.0693734
0.0693036
0.0692339
0.0691643
0.0690947
0.0690252
0.0689557
0.0688864
0.0688171
0.0687478
0.0686787
0.0686096
0.0685406
0.0684716
0.0684028
0.068334
0.0682652
0.0681965
0.0681279
0.0680594
0.0679909
0.0679226
0.0678542
0.067786
0.0677178
0.0676497
0.0675816
0.0675136
0.0674457
0.0673779
0.0673101
0.0672424
0.0671747
0.0671072
0.0670397
0.0669722
0.0669049
0.0668376
0.0667703
0.0667032
0.0666361
0.066569
0.0665021
0.0664352
0.0663683
0.0663016
0.0662349
0.0661683
0.0661017
0.0660352
0.0659688
0.0659024
0.0658361
0.0657699
0.0657037
0.0656377
0.0655716
0.0655057
0.0654398
0.0653739
0.0653082
0.0652425
0.0651769
0.0651113
0.0650458
0.0649804
0.064915
0.0648497
0.0647845
0.0647193
0.0646542
0.0645892
0.0645242
0.0644593
0.0643945
0.0643297
0.064265
0.0642003
0.0641357
0.0640712
0.0640068
0.0639424
0.0638781
0.0638138
0.0637496
0.0636855
0.0636214
0.0635574
0.0634935
0.0634296
0.0633658
0.0633021
0.0632384
0.0631748
0.0631113
0.0630478
0.0629843
0.062921
0.0628577
0.0627945
0.0627313
0.0626682
0.0626052
0.0625422
0.0624793
0.0624164
0.0623536
0.0622909
0.0622283
0.0621657
0.0621031
0.0620407
0.0619783
0.0619159
0.0618536
0.0617914
0.0617293
0.0616672
0.0616051
0.0615432
0.0614813
0.0614194
0.0613576
0.0612959
0.0612343
0.0611727
0.0611111
0.0610497
0.0609882
0.0609269
0.0608656
0.0608044
0.0607432
0.0606821
0.0606211
0.0605601
0.0604992
0.0604383
0.0603775
0.0603168
0.0602561
0.0601955
0.060135
0.0600745
0.060014
0.0599537
0.0598934
0.0598331
0.0597729
0.0597128
0.0596527
0.0595927
0.0595328
0.0594729
0.0594131
0.0593533
0.0592936
0.059234
0.0591744
0.0591149
0.0590554
0.058996
0.0589366
0.0588774
0.0588181
0.058759
0.0586999
0.0586408
0.0585818
0.0585229
0.058464
0.0584052
0.0583465
0.0582878
0.0582292
0.0581706
0.0581121
0.0580536
0.0579952
0.0579369
0.0578786
0.0578204
0.0577622
0.0577041
0.0576461
0.0575881
0.0575302
0.0574723
0.0574145
0.0573567
0.057299
0.0572414
0.0571838
0.0571263
0.0570688
0.0570114
0.0569541
0.0568968
0.0568395
0.0567824
0.0567252
0.0566682
0.0566112
0.0565542
0.0564973
0.0564405
0.0563837
0.056327
0.0562704
0.0562138
0.0561572
0.0561007
0.0560443
0.0559879
0.0559316
0.0558753
0.0558191
0.055763
0.0557069
0.0556509
0.0555949
0.055539
0.0554831
0.0554273
0.0553715
0.0553158
0.0552602
0.0552046
0.0551491
0.0550936
0.0550382
0.0549828
0.0549275
0.0548722
0.054817
0.0547619
0.0547068
0.0546518
0.0545968
0.0545419
0.054487
0.0544322
0.0543775
0.0543228
0.0542681
0.0542135
0.054159
0.0541045
0.0540501
0.0539957
0.0539414
0.0538871
0.0538329
0.0537788
0.0537247
0.0536706
0.0536167
0.0535627
0.0535088
0.053455
0.0534012
0.0533475
0.0532939
0.0532403
0.0531867
0.0531332
0.0530797
0.0530264
0.052973
0.0529197
0.0528665
0.0528133
0.0527602
0.0527071
0.0526541
0.0526011
0.0525482
0.0524954
0.0524425
0.0523898
0.0523371
0.0522844
0.0522319
0.0521793
0.0521268
0.0520744
0.052022
0.0519697
0.0519174
0.0518652
0.051813
0.0517609
0.0517088
0.0516568
0.0516048
0.0515529
0.0515011
0.0514493
0.0513975
0.0513458
0.0512941
0.0512425
0.051191
0.0511395
0.0510881
0.0510367
0.0509853
0.050934
0.0508828
0.0508316
0.0507805
0.0507294
0.0506784
0.0506274
0.0505765
0.0505256
0.0504748
0.050424
0.0503733
0.0503226
0.050272
0.0502214
0.0501709
0.0501204
0.05007
0.0500196
0.0499693
0.049919
0.0498688
0.0498187
0.0497685
0.0497185
0.0496685
0.0496185
0.0495686
0.0495187
0.0494689
0.0494192
0.0493694
0.0493198
0.0492702
0.0492206
0.0491711
0.0491216
0.0490722
0.0490228
0.0489735
0.0489243
0.048875
0.0488259
0.0487768
0.0487277
0.0486787
0.0486297
0.0485808
0.0485319
0.0484831
0.0484343
0.0483856
0.0483369
0.0482883
0.0482397
0.0481912
0.0481427
0.0480943
0.0480459
0.0479976
0.0479493
0.0479011
0.0478529
0.0478047
0.0477566
0.0477086
0.0476606
0.0476127
0.0475648
0.0475169
0.0474691
0.0474214
0.0473737
0.047326
0.0472784
0.0472308
0.0471833
0.0471359
0.0470884
0.0470411
0.0469938
0.0469465
0.0468993
0.0468521
0.0468049
0.0467579
0.0467108
0.0466638
0.0466169
0.04657
0.0465231
0.0464763
0.0464296
0.0463829
0.0463362
0.0462896
0.046243
0.0461965
0.04615
0.0461036
0.0460572
0.0460109
0.0459646
0.0459184
0.0458722
0.045826
0.0457799
0.0457339
0.0456879
0.0456419
0.045596
0.0455501
0.0455043
0.0454585
0.0454128
0.0453671
0.0453215
0.0452759
0.0452303
0.0451848
0.0451394
0.045094
0.0450486
0.0450033
0.044958
0.0449128
0.0448676
0.0448225
0.0447774
0.0447323
0.0446873
0.0446424
0.0445975
0.0445526
0.0445078
0.044463
0.0444183
0.0443736
0.044329
0.0442844
0.0442398
0.0441953
0.0441508
0.0441064
0.0440621
0.0440177
0.0439735
0.0439292
0.043885
0.0438409
0.0437968
0.0437527
0.0437087
0.0436647
0.0436208
0.0435769
0.0435331
0.0434893
0.0434455
0.0434018
0.0433582
0.0433145
0.043271
0.0432274
0.0431839
0.0431405
0.0430971
0.0430537
0.0430104
0.0429672
0.0429239
0.0428808
0.0428376
0.0427945
0.0427515
0.0427085
0.0426655
0.0426226
0.0425797
0.0425369
0.0424941
0.0424513
0.0424086
0.0423659
0.0423233
0.0422807
0.0422382
0.0421957
0.0421533
0.0421109
0.0420685
0.0420262
0.0419839
0.0419417
0.0418995
0.0418573
0.0418152
0.0417731
0.0417311
0.0416891
0.0416472
0.0416053
0.0415634
0.0415216
0.0414798
0.0414381
0.0413964
0.0413548
0.0413132
0.0412716
0.0412301
0.0411886
0.0411472
0.0411058
0.0410644
0.0410231
0.0409818
0.0409406
0.0408994
0.0408583
0.0408172
0.0407761
0.0407351
0.0406941
0.0406532
0.0406123
0.0405714
0.0405306
0.0404898
0.0404491
0.0404084
0.0403677
0.0403271
0.0402866
0.040246
0.0402055
0.0401651
0.0401247
0.0400843
0.040044
0.0400037
0.0399634
0.0399232
0.0398831
0.039843
0.0398029
0.0397628
0.0397228
0.0396829
0.0396429
0.0396031
0.0395632
0.0395234
0.0394836
0.0394439
0.0394042
0.0393646
0.039325
0.0392854
0.0392459
0.0392064
0.039167
0.0391276
0.0390882
0.0390489
0.0390096
0.0389703
0.0389311
0.038892
0.0388528
0.0388138
0.0387747
0.0387357
0.0386967
0.0386578
0.0386189
0.03858
0.0385412
0.0385025
0.0384637
0.038425
0.0383864
0.0383477
0.0383092
0.0382706
0.0382321
0.0381937
0.0381552
0.0381168
0.0380785
0.0380402
0.0380019
0.0379637
0.0379255
0.0378873
0.0378492
0.0378111
0.0377731
0.0377351
0.0376971
0.0376592
0.0376213
0.0375835
0.0375456
0.0375079
0.0374701
0.0374324
0.0373948
0.0373572
0.0373196
0.037282
0.0372445
0.037207
0.0371696
0.0371322
0.0370948
0.0370575
0.0370202
0.036983
0.0369458
0.0369086
0.0368715
0.0368344
0.0367973
0.0367603
0.0367233
0.0366864
0.0366495
0.0366126
0.0365758
0.036539
0.0365022
0.0364655
0.0364288
0.0363921
0.0363555
0.0363189
0.0362824
0.0362459
0.0362094
0.036173
0.0361366
0.0361002
0.0360639
0.0360276
0.0359914
0.0359552
0.035919
0.0358829
0.0358468
0.0358107
0.0357747
0.0357387
0.0357027
0.0356668
0.0356309
0.0355951
0.0355593
0.0355235
0.0354877
0.035452
0.0354164
0.0353807
0.0353451
0.0353096
0.035274
0.0352386
0.0352031
0.0351677
0.0351323
0.0350969
0.0350616
0.0350264
0.0349911
0.0349559
0.0349207
0.0348856
0.0348505
0.0348154
0.0347804
0.0347454
0.0347105
0.0346755
0.0346407
0.0346058
0.034571
0.0345362
0.0345014
0.0344667
0.0344321
0.0343974
0.0343628
0.0343282
0.0342937
0.0342592
0.0342247
0.0341903
0.0341559
0.0341215
0.0340872
0.0340529
0.0340186
0.0339844
0.0339502
0.033916
0.0338819
0.0338478
0.0338138
0.0337798
0.0337458
0.0337118
0.0336779
0.033644
0.0336102
0.0335763
0.0335426
0.0335088
0.0334751
0.0334414
0.0334078
0.0333742
0.0333406
0.033307
0.0332735
0.03324
0.0332066
0.0331732
0.0331398
0.0331065
0.0330732
0.0330399
0.0330066
0.0329734
0.0329402
0.0329071
0.032874
0.0328409
0.0328079
0.0327749
0.0327419
0.0327089
0.032676
0.0326432
0.0326103
0.0325775
0.0325447
0.032512
0.0324793
0.0324466
0.0324139
0.0323813
0.0323487
0.0323162
0.0322837
0.0322512
0.0322187
0.0321863
0.0321539
0.0321216
0.0320893
0.032057
0.0320247
0.0319925
0.0319603
0.0319282
0.031896
0.0318639
0.0318319
0.0317998
0.0317678
0.0317359
0.031704
0.0316721
0.0316402
0.0316083
0.0315765
0.0315448
0.031513
0.0314813
0.0314496
0.031418
0.0313864
0.0313548
0.0313233
0.0312917
0.0312603
0.0312288
0.0311974
0.031166
0.0311346
0.0311033
0.031072
0.0310407
0.0310095
0.0309783
0.0309471
0.030916
0.0308849
0.0308538
0.0308228
0.0307918
0.0307608
0.0307298
0.0306989
0.030668
0.0306372
0.0306063
0.0305755
0.0305448
0.030514
0.0304833
0.0304527
0.030422
0.0303914
0.0303608
0.0303303
0.0302998
0.0302693
0.0302388
0.0302084
0.030178
0.0301476
0.0301173
0.030087
0.0300567
0.0300265
0.0299963
0.0299661
0.0299359
0.0299058
0.0298757
0.0298456
0.0298156
0.0297856
0.0297556
0.0297257
0.0296958
0.0296659
0.0296361
0.0296062
0.0295765
0.0295467
0.029517
0.0294873
0.0294576
0.0294279
0.0293983
0.0293688
0.0293392
0.0293097
0.0292802
0.0292507
0.0292213
0.0291919
0.0291625
0.0291332
0.0291039
0.0290746
0.0290453
0.0290161
0.0289869
0.0289577
0.0289286
0.0288995
0.0288704
0.0288414
0.0288123
0.0287833
0.0287544
0.0287254
0.0286965
0.0286677
0.0286388
0.02861
0.0285812
0.0285525
0.0285237
0.028495
0.0284663
0.0284377
0.0284091
0.0283805
0.0283519
0.0283234
0.0282949
0.0282664
0.028238
0.0282096
0.0281812
0.0281528
0.0281245
0.0280962
0.0280679
0.0280397
0.0280115
0.0279833
0.0279551
0.027927
0.0278989
0.0278708
0.0278428
0.0278148
0.0277868
0.0277588
0.0277309
0.027703
0.0276751
0.0276473
0.0276194
0.0275916
0.0275639
0.0275361
0.0275084
0.0274808
0.0274531
0.0274255
0.0273979
0.0273703
0.0273428
0.0273153
0.0272878
0.0272603
0.0272329
0.0272055
0.0271781
0.0271508
0.0271234
0.0270961
0.0270689
0.0270416
0.0270144
0.0269872
0.0269601
0.026933
0.0269059
0.0268788
0.0268517
0.0268247
0.0267977
0.0267708
0.0267438
0.0267169
0.02669
0.0266632
0.0266363
0.0266095
0.0265828
0.026556
0.0265293
0.0265026
0.0264759
0.0264493
0.0264227
0.0263961
0.0263695
0.026343
0.0263165
0.02629
0.0262635
0.0262371
0.0262107
0.0261843
0.026158
0.0261317
0.0261054
0.0260791
0.0260528
0.0260266
0.0260004
0.0259743
0.0259481
0.025922
0.0258959
0.0258699
0.0258439
0.0258178
0.0257919
0.0257659
0.02574
0.0257141
0.0256882
0.0256624
0.0256365
0.0256107
0.025585
0.0255592
0.0255335
0.0255078
0.0254821
0.0254565
0.0254309
0.0254053
0.0253797
0.0253542
0.0253287
0.0253032
0.0252777
0.0252523
0.0252269
0.0252015
0.0251761
0.0251508
0.0251255
0.0251002
0.0250749
0.0250497
0.0250245
0.0249993
0.0249742
0.024949
0.0249239
0.0248988
0.0248738
0.0248487
0.0248237
0.0247988
0.0247738
0.0247489
0.024724
0.0246991
0.0246742
0.0246494
0.0246246
0.0245998
0.0245751
0.0245503
0.0245256
0.024501
0.0244763
0.0244517
0.0244271
0.0244025
0.0243779
0.0243534
0.0243289
0.0243044
0.0242799
0.0242555
0.0242311
0.0242067
0.0241824
0.024158
0.0241337
0.0241094
0.0240852
0.0240609
0.0240367
0.0240125
0.0239884
0.0239642
0.0239401
0.023916
0.0238919
0.0238679
0.0238439
0.0238199
0.0237959
0.023772
0.0237481
0.0237242
0.0237003
0.0236764
0.0236526
0.0236288
0.023605
0.0235813
0.0235575
0.0235338
0.0235101
0.0234865
0.0234629
0.0234392
0.0234157
0.0233921
0.0233686
0.023345
0.0233215
0.0232981
0.0232746
0.0232512
0.0232278
0.0232044
0.0231811
0.0231578
0.0231344
0.0231112
0.0230879
0.0230647
0.0230415
0.0230183
0.0229951
0.022972
0.0229489
0.0229258
0.0229027
0.0228796
0.0228566
0.0228336
0.0228106
0.0227877
0.0227647
0.0227418
0.022719
0.0226961
0.0226733
0.0226504
0.0226276
0.0226049
0.0225821
0.0225594
0.0225367
0.022514
0.0224914
0.0224687
0.0224461
0.0224235
0.022401
0.0223784
0.0223559
0.0223334
0.0223109
0.0222885
0.022266
0.0222436
0.0222212
0.0221989
0.0221765
0.0221542
0.0221319
0.0221097
0.0220874
0.0220652
0.022043
0.0220208
0.0219986
0.0219765
0.0219544
0.0219323
0.0219102
0.0218882
0.0218661
0.0218441
0.0218221
0.0218002
0.0217782
0.0217563
0.0217344
0.0217126
0.0216907
0.0216689
0.0216471
0.0216253
0.0216035
0.0215818
0.0215601
0.0215384
0.0215167
0.021495
0.0214734
0.0214518
0.0214302
0.0214086
0.0213871
0.0213656
0.0213441
0.0213226
0.0213011
0.0212797
0.0212583
0.0212369
0.0212155
0.0211942
0.0211728
0.0211515
0.0211302
0.021109
0.0210877
0.0210665
0.0210453
0.0210241
0.021003
0.0209818
0.0209607
0.0209396
0.0209186
0.0208975
0.0208765
0.0208555
0.0208345
0.0208135
0.0207926
0.0207716
0.0207507
0.0207298
0.020709
0.0206881
0.0206673
0.0206465
0.0206257
0.020605
0.0205843
0.0205635
0.0205428
0.0205222
0.0205015
0.0204809
0.0204603
0.0204397
0.0204191
0.0203986
0.020378
0.0203575
0.020337
0.0203166
0.0202961
0.0202757
0.0202553
0.0202349
0.0202145
0.0201942
0.0201739
0.0201536
0.0201333
0.020113
0.0200928
0.0200726
0.0200524
0.0200322
0.020012
0.0199919
0.0199718
0.0199517
0.0199316
0.0199115
0.0198915
0.0198715
0.0198515
0.0198315
0.0198115
0.0197916
0.0197717
0.0197518
0.0197319
0.019712
0.0196922
0.0196724
0.0196526
0.0196328
0.0196131
0.0195933
0.0195736
0.0195539
0.0195342
0.0195146
0.0194949
0.0194753
0.0194557
0.0194361
0.0194166
0.019397
0.0193775
0.019358
0.0193385
0.0193191
0.0192996
0.0192802
0.0192608
0.0192414
0.019222
0.0192027
0.0191834
0.0191641
0.0191448
0.0191255
0.0191063
0.019087
0.0190678
0.0190486
0.0190295
0.0190103
0.0189912
0.0189721
0.018953
0.0189339
0.0189148
0.0188958
0.0188768
0.0188578
0.0188388
0.0188198
0.0188009
0.018782
0.0187631
0.0187442
0.0187253
0.0187065
0.0186877
0.0186689
0.0186501
0.0186313
0.0186125
0.0185938
0.0185751
0.0185564
0.0185377
0.0185191
0.0185004
0.0184818
0.0184632
0.0184446
0.0184261
0.0184075
0.018389
0.0183705
0.018352
0.0183335
0.0183151
0.0182967
0.0182782
0.0182598
0.0182415
0.0182231
0.0182048
0.0181864
0.0181681
0.0181499
0.0181316
0.0181133
0.0180951
0.0180769
0.0180587
0.0180405
0.0180224
0.0180042
0.0179861
0.017968
0.0179499
0.0179319
0.0179138
0.0178958
0.0178778
0.0178598
0.0178418
0.0178239
0.0178059
0.017788
0.0177701
0.0177522
0.0177343
0.0177165
0.0176987
0.0176809
0.0176631
0.0176453
0.0176275
0.0176098
0.0175921
0.0175744
0.0175567
0.017539
0.0175213
0.0175037
0.0174861
0.0174685
0.0174509
0.0174334
0.0174158
0.0173983
0.0173808
0.0173633
0.0173458
0.0173283
0.0173109
0.0172935
0.0172761
0.0172587
0.0172413
0.017224
0.0172066
0.0171893
0.017172
0.0171547
0.0171375
0.0171202
0.017103
0.0170858
0.0170686
0.0170514
0.0170342
0.0170171
0.017
0.0169829
0.0169658
0.0169487
0.0169316
0.0169146
0.0168976
0.0168806
0.0168636
0.0168466
0.0168296
0.0168127
0.0167958
0.0167789
0.016762
0.0167451
0.0167283
0.0167114
0.0166946
0.0166778
0.016661
0.0166443
0.0166275
0.0166108
0.0165941
0.0165774
0.0165607
0.016544
0.0165274
0.0165107
0.0164941
0.0164775
0.0164609
0.0164443
0.0164278
0.0164113
0.0163947
0.0163782
0.0163618
0.0163453
0.0163288
0.0163124
0.016296
0.0162796
0.0162632
0.0162468
0.0162305
0.0162142
0.0161978
0.0161815
0.0161652
0.016149
0.0161327
0.0161165
0.0161003
0.0160841
0.0160679
0.0160517
0.0160355
0.0160194
0.0160033
0.0159872
0.0159711
0.015955
0.015939
0.0159229
0.0159069
0.0158909
0.0158749
0.0158589
0.0158429
0.015827
0.0158111
0.0157952
0.0157793
0.0157634
0.0157475
0.0157317
0.0157158
0.0157
0.0156842
0.0156684
0.0156527
0.0156369
0.0156212
0.0156054
0.0155897
0.015574
0.0155584
0.0155427
0.0155271
0.0155114
0.0154958
0.0154802
0.0154647
0.0154491
0.0154335
0.015418
0.0154025
0.015387
0.0153715
0.015356
0.0153406
0.0153251
0.0153097
0.0152943
0.0152789
0.0152635
0.0152482
0.0152328
0.0152175
0.0152022
0.0151869
0.0151716
0.0151563
0.0151411
0.0151258
0.0151106
0.0150954
0.0150802
0.015065
0.0150499
0.0150347
0.0150196
0.0150045
0.0149894
0.0149743
0.0149592
0.0149441
0.0149291
0.0149141
0.0148991
0.0148841
0.0148691
0.0148541
0.0148392
0.0148242
0.0148093
0.0147944
0.0147795
0.0147646
0.0147498
0.0147349
0.0147201
0.0147053
0.0146905
0.0146757
0.0146609
0.0146462
0.0146314
0.0146167
0.014602
0.0145873
0.0145726
0.014558
0.0145433
0.0145287
0.014514
0.0144994
0.0144848
0.0144703
0.0144557
0.0144411
0.0144266
0.0144121
0.0143976
0.0143831
0.0143686
0.0143542
0.0143397
0.0143253
0.0143109
0.0142965
0.0142821
0.0142677
0.0142533
0.014239
0.0142247
0.0142103
0.014196
0.0141817
0.0141675
0.0141532
0.014139
0.0141247
0.0141105
0.0140963
0.0140821
0.014068
0.0140538
0.0140397
0.0140255
0.0140114
0.0139973
0.0139832
0.0139691
0.0139551
0.013941
0.013927
0.013913
0.013899
0.013885
0.013871
0.0138571
0.0138431
0.0138292
0.0138153
0.0138014
0.0137875
0.0137736
0.0137597
0.0137459
0.013732
0.0137182
0.0137044
0.0136906
0.0136768
0.0136631
0.0136493
0.0136356
0.0136219
0.0136081
0.0135944
0.0135808
0.0135671
0.0135534
0.0135398
0.0135262
0.0135126
0.013499
0.0134854
0.0134718
0.0134582
0.0134447
0.0134312
0.0134176
0.0134041
0.0133906
0.0133772
0.0133637
0.0133503
0.0133368
0.0133234
0.01331
0.0132966
0.0132832
0.0132698
0.0132565
0.0132431
0.0132298
0.0132165
0.0132032
0.0131899
0.0131766
0.0131634
0.0131501
0.0131369
0.0131237
0.0131104
0.0130972
0.0130841
0.0130709
0.0130577
0.0130446
0.0130315
0.0130183
0.0130052
0.0129922
0.0129791
0.012966
0.012953
0.0129399
0.0129269
0.0129139
0.0129009
0.0128879
0.0128749
0.012862
0.012849
0.0128361
0.0128232
0.0128103
0.0127974
0.0127845
0.0127716
0.0127588
0.0127459
0.0127331
0.0127203
0.0127075
0.0126947
0.0126819
0.0126692
0.0126564
0.0126437
0.0126309
0.0126182
0.0126055
0.0125928
0.0125802
0.0125675
0.0125549
0.0125422
0.0125296
0.012517
0.0125044
0.0124918
0.0124792
0.0124667
0.0124541
0.0124416
0.0124291
0.0124165
0.012404
0.0123916
0.0123791
0.0123666
0.0123542
0.0123417
0.0123293
0.0123169
0.0123045
0.0122921
0.0122798
0.0122674
0.0122551
0.0122427
0.0122304
0.0122181
0.0122058
0.0121935
0.0121812
0.012169
0.0121567
0.0121445
0.0121323
0.01212
0.0121078
0.0120957
0.0120835
0.0120713
0.0120592
0.012047
0.0120349
0.0120228
0.0120107
0.0119986
0.0119865
0.0119745
0.0119624
0.0119504
0.0119383
0.0119263
0.0119143
0.0119023
0.0118904
0.0118784
0.0118664
0.0118545
0.0118426
0.0118306
0.0118187
0.0118068
0.0117949
0.0117831
0.0117712
0.0117594
0.0117475
0.0117357
0.0117239
0.0117121
0.0117003
0.0116885
0.0116768
0.011665
0.0116533
0.0116415
0.0116298
0.0116181
0.0116064
0.0115947
0.0115831
0.0115714
0.0115598
0.0115481
0.0115365
0.0115249
0.0115133
0.0115017
0.0114901
0.0114786
0.011467
0.0114555
0.0114439
0.0114324
0.0114209
0.0114094
0.0113979
0.0113865
0.011375
0.0113635
0.0113521
0.0113407
0.0113293
0.0113179
0.0113065
0.0112951
0.0112837
0.0112724
0.011261
0.0112497
0.0112384
0.011227
0.0112157
0.0112045
0.0111932
0.0111819
0.0111707
0.0111594
0.0111482
0.011137
0.0111258
0.0111146
0.0111034
0.0110922
0.011081
0.0110699
0.0110587
0.0110476
0.0110365
0.0110254
0.0110143
0.0110032
0.0109921
0.010981
0.01097
0.010959
0.0109479
0.0109369
0.0109259
0.0109149
0.0109039
0.0108929
0.010882
0.010871
0.0108601
0.0108491
0.0108382
0.0108273
0.0108164
0.0108055
0.0107947
0.0107838
0.0107729
0.0107621
0.0107513
0.0107404
0.0107296
0.0107188
0.010708
0.0106973
0.0106865
0.0106757
0.010665
0.0106543
0.0106435
0.0106328
0.0106221
0.0106114
0.0106007
0.0105901
0.0105794
0.0105688
0.0105581
0.0105475
0.0105369
0.0105263
0.0105157
0.0105051
0.0104945
0.010484
0.0104734
0.0104629
0.0104523
0.0104418
0.0104313
0.0104208
0.0104103
0.0103998
0.0103894
0.0103789
0.0103685
0.010358
0.0103476
0.0103372
0.0103268
0.0103164
0.010306
0.0102956
0.0102853
0.0102749
0.0102646
0.0102542
0.0102439
0.0102336
0.0102233
0.010213
0.0102027
0.0101925
0.0101822
0.010172
0.0101617
0.0101515
0.0101413
0.0101311
0.0101209
0.0101107
0.0101005
0.0100903
0.0100802
0.01007
0.0100599
0.0100498
0.0100397
0.0100295
0.0100195
0.0100094
0.00999929
0.00998923
0.00997917
0.00996913
0.00995909
0.00994907
0.00993906
0.00992905
0.00991906
0.00990907
0.0098991
0.00988913
0.00987918
0.00986924
0.0098593
0.00984938
0.00983946
0.00982956
0.00981967
0.00980978
0.00979991
0.00979004
0.00978019
0.00977035
0.00976051
0.00975069
0.00974087
0.00973107
0.00972127
0.00971149
0.00970171
0.00969195
0.00968219
0.00967244
0.00966271
0.00965298
0.00964327
0.00963356
0.00962386
0.00961418
0.0096045
0.00959483
0.00958517
0.00957553
0.00956589
0.00955626
0.00954664
0.00953703
0.00952743
0.00951784
0.00950826
0.00949869
0.00948913
0.00947958
0.00947003
0.0094605
0.00945098
0.00944147
0.00943196
0.00942247
0.00941299
0.00940351
0.00939405
0.00938459
0.00937514
0.00936571
0.00935628
0.00934686
0.00933745
0.00932805
0.00931867
0.00930929
0.00929991
0.00929055
0.0092812
0.00927186
0.00926253
0.0092532
0.00924389
0.00923459
0.00922529
0.009216
0.00920673
0.00919746
0.0091882
0.00917895
0.00916971
0.00916048
0.00915126
0.00914205
0.00913285
0.00912366
0.00911447
0.0091053
0.00909613
0.00908698
0.00907783
0.00906869
0.00905957
0.00905045
0.00904134
0.00903224
0.00902314
0.00901406
0.00900499
0.00899592
0.00898687
0.00897782
0.00896879
0.00895976
0.00895074
0.00894173
0.00893273
0.00892374
0.00891476
0.00890578
0.00889682
0.00888786
0.00887892
0.00886998
0.00886105
0.00885213
0.00884322
0.00883432
0.00882543
0.00881654
0.00880767
0.0087988
0.00878995
0.0087811
0.00877226
0.00876343
0.00875461
0.0087458
0.00873699
0.0087282
0.00871941
0.00871064
0.00870187
0.00869311
0.00868436
0.00867562
0.00866689
0.00865816
0.00864945
0.00864074
0.00863204
0.00862335
0.00861467
0.008606
0.00859734
0.00858869
0.00858004
0.0085714
0.00856278
0.00855416
0.00854555
0.00853695
0.00852835
0.00851977
0.00851119
0.00850262
0.00849407
0.00848552
0.00847697
0.00846844
0.00845992
0.0084514
0.0084429
0.0084344
0.00842591
0.00841743
0.00840895
0.00840049
0.00839203
0.00838359
0.00837515
0.00836672
0.00835829
0.00834988
0.00834148
0.00833308
0.00832469
0.00831631
0.00830794
0.00829958
0.00829122
0.00828288
0.00827454
0.00826621
0.00825789
0.00824958
0.00824128
0.00823298
0.00822469
0.00821641
0.00820814
0.00819988
0.00819163
0.00818338
0.00817514
0.00816692
0.0081587
0.00815048
0.00814228
0.00813408
0.00812589
0.00811772
0.00810954
0.00810138
0.00809323
0.00808508
0.00807694
0.00806881
0.00806069
0.00805258
0.00804447
0.00803637
0.00802828
0.0080202
0.00801213
0.00800406
0.00799601
0.00798796
0.00797992
0.00797189
0.00796386
0.00795585
0.00794784
0.00793984
0.00793184
0.00792386
0.00791588
0.00790792
0.00789996
0.007892
0.00788406
0.00787612
0.0078682
0.00786028
0.00785236
0.00784446
0.00783656
0.00782868
0.0078208
0.00781292
0.00780506
0.0077972
0.00778935
0.00778151
0.00777368
0.00776586
0.00775804
0.00775023
0.00774243
0.00773463
0.00772685
0.00771907
0.0077113
0.00770354
0.00769578
0.00768804
0.0076803
0.00767257
0.00766485
0.00765713
0.00764942
0.00764172
0.00763403
0.00762635
0.00761867
0.007611
0.00760334
0.00759569
0.00758804
0.0075804
0.00757277
0.00756515
0.00755753
0.00754993
0.00754233
0.00753473
0.00752715
0.00751957
0.007512
0.00750444
0.00749689
0.00748934
0.0074818
0.00747427
0.00746675
0.00745923
0.00745172
0.00744422
0.00743673
0.00742924
0.00742177
0.0074143
0.00740683
0.00739938
0.00739193
0.00738449
0.00737705
0.00736963
0.00736221
0.0073548
0.0073474
0.00734
0.00733261
0.00732523
0.00731786
0.00731049
0.00730313
0.00729578
0.00728844
0.0072811
0.00727377
0.00726645
0.00725914
0.00725183
0.00724453
0.00723724
0.00722995
0.00722267
0.0072154
0.00720814
0.00720089
0.00719364
0.0071864
0.00717916
0.00717194
0.00716472
0.0071575
0.0071503
0.0071431
0.00713591
0.00712873
0.00712155
0.00711438
0.00710722
0.00710007
0.00709292
0.00708578
0.00707865
0.00707152
0.00706441
0.0070573
0.00705019
0.00704309
0.007036
0.00702892
0.00702185
0.00701478
0.00700772
0.00700066
0.00699362
0.00698658
0.00697954
0.00697252
0.0069655
0.00695849
0.00695148
0.00694449
0.0069375
0.00693051
0.00692354
0.00691657
0.00690961
0.00690265
0.0068957
0.00688876
0.00688183
0.0068749
0.00686798
0.00686107
0.00685416
0.00684726
0.00684037
0.00683348
0.0068266
0.00681973
0.00681287
0.00680601
0.00679916
0.00679231
0.00678548
0.00677865
0.00677182
0.00676501
0.0067582
0.00675139
0.0067446
0.00673781
0.00673103
0.00672425
0.00671748
0.00671072
0.00670397
0.00669722
0.00669048
0.00668374
0.00667701
0.00667029
0.00666358
0.00665687
0.00665017
0.00664348
0.00663679
0.00663011
0.00662343
0.00661677
0.00661011
0.00660345
0.00659681
0.00659016
0.00658353
0.0065769
0.00657028
0.00656367
0.00655706
0.00655046
0.00654387
0.00653728
0.0065307
0.00652413
0.00651756
0.006511
0.00650445
0.0064979
0.00649136
0.00648482
0.0064783
0.00647177
0.00646526
0.00645875
0.00645225
0.00644576
0.00643927
0.00643279
0.00642631
0.00641984
0.00641338
0.00640692
0.00640047
0.00639403
0.00638759
0.00638117
0.00637474
0.00636832
0.00636191
0.00635551
0.00634911
0.00634272
0.00633634
0.00632996
0.00632359
0.00631722
0.00631086
0.00630451
0.00629816
0.00629182
0.00628549
0.00627916
0.00627284
0.00626653
0.00626022
0.00625392
0.00624762
0.00624134
0.00623505
0.00622878
0.00622251
0.00621624
0.00620999
0.00620373
0.00619749
0.00619125
0.00618502
0.00617879
0.00617257
0.00616636
0.00616015
0.00615395
0.00614776
0.00614157
0.00613539
0.00612921
0.00612304
0.00611688
0.00611072
0.00610457
0.00609842
0.00609229
0.00608615
0.00608003
0.00607391
0.00606779
0.00606168
0.00605558
0.00604949
0.0060434
0.00603731
0.00603124
0.00602517
0.0060191
0.00601304
0.00600699
0.00600094
0.0059949
0.00598887
0.00598284
0.00597682
0.0059708
0.00596479
0.00595879
0.00595279
0.0059468
0.00594081
0.00593483
0.00592885
0.00592289
0.00591692
0.00591097
0.00590502
0.00589907
0.00589314
0.0058872
0.00588128
0.00587536
0.00586944
0.00586354
0.00585763
0.00585174
0.00584585
0.00583996
0.00583408
0.00582821
0.00582234
0.00581648
0.00581063
0.00580478
0.00579894
0.0057931
0.00578727
0.00578144
0.00577562
0.00576981
0.005764
0.0057582
0.0057524
0.00574661
0.00574083
0.00573505
0.00572927
0.00572351
0.00571775
0.00571199
0.00570624
0.0057005
0.00569476
0.00568903
0.0056833
0.00567758
0.00567186
0.00566615
0.00566045
0.00565475
0.00564906
0.00564337
0.00563769
0.00563202
0.00562635
0.00562069
0.00561503
0.00560937
0.00560373
0.00559809
0.00559245
0.00558682
0.0055812
0.00557558
0.00556997
0.00556436
0.00555876
0.00555317
0.00554758
0.00554199
0.00553641
0.00553084
0.00552527
0.00551971
0.00551415
0.0055086
0.00550306
0.00549752
0.00549198
0.00548646
0.00548093
0.00547542
0.0054699
0.0054644
0.0054589
0.0054534
0.00544791
0.00544243
0.00543695
0.00543148
0.00542601
0.00542055
0.00541509
0.00540964
0.0054042
0.00539876
0.00539332
0.00538789
0.00538247
0.00537705
0.00537164
0.00536623
0.00536083
0.00535543
0.00535004
0.00534466
0.00533928
0.0053339
0.00532853
0.00532317
0.00531781
0.00531246
0.00530711
0.00530177
0.00529643
0.0052911
0.00528577
0.00528045
0.00527514
0.00526983
0.00526452
0.00525922
0.00525393
0.00524864
0.00524336
0.00523808
0.00523281
0.00522754
0.00522228
0.00521702
0.00521177
0.00520652
0.00520128
0.00519604
0.00519081
0.00518559
0.00518037
0.00517515
0.00516994
0.00516474
0.00515954
0.00515435
0.00514916
0.00514398
0.0051388
0.00513363
0.00512846
0.0051233
0.00511814
0.00511299
0.00510784
0.0051027
0.00509756
0.00509243
0.0050873
0.00508218
0.00507707
0.00507196
0.00506685
0.00506175
0.00505665
0.00505156
0.00504648
0.0050414
0.00503632
0.00503126
0.00502619
0.00502113
0.00501608
0.00501103
0.00500598
0.00500094
0.00499591
0.00499088
0.00498586
0.00498084
0.00497582
0.00497082
0.00496581
0.00496081
0.00495582
0.00495083
0.00494585
0.00494087
0.00493589
0.00493093
0.00492596
0.004921
0.00491605
0.0049111
0.00490616
0.00490122
0.00489629
0.00489136
0.00488643
0.00488151
0.0048766
0.00487169
0.00486679
0.00486189
0.00485699
0.00485211
0.00484722
0.00484234
0.00483747
0.0048326
0.00482773
0.00482287
0.00481802
0.00481317
0.00480832
0.00480348
0.00479865
0.00479382
0.00478899
0.00478417
0.00477936
0.00477454
0.00476974
0.00476494
0.00476014
0.00475535
0.00475056
0.00474578
0.004741
0.00473623
0.00473146
0.0047267
0.00472194
0.00471719
0.00471244
0.0047077
0.00470296
0.00469822
0.00469349
0.00468877
0.00468405
0.00467933
0.00467462
0.00466992
0.00466522
0.00466052
0.00465583
0.00465114
0.00464646
0.00464178
0.00463711
0.00463244
0.00462778
0.00462312
0.00461847
0.00461382
0.00460917
0.00460454
0.0045999
0.00459527
0.00459064
0.00458602
0.00458141
0.00457679
0.00457219
0.00456759
0.00456299
0.00455839
0.00455381
0.00454922
0.00454464
0.00454007
0.0045355
0.00453093
0.00452637
0.00452181
0.00451726
0.00451272
0.00450817
0.00450363
0.0044991
0.00449457
0.00449005
0.00448553
0.00448101
0.0044765
0.004472
0.00446749
0.004463
0.0044585
0.00445402
0.00444953
0.00444505
0.00444058
0.00443611
0.00443164
0.00442718
0.00442273
0.00441827
0.00441383
0.00440938
0.00440494
0.00440051
0.00439608
0.00439166
0.00438723
0.00438282
0.00437841
0.004374
0.0043696
0.0043652
0.0043608
0.00435641
0.00435203
0.00434765
0.00434327
0.0043389
0.00433453
0.00433017
0.00432581
0.00432145
0.0043171
0.00431276
0.00430842
0.00430408
0.00429975
0.00429542
0.0042911
0.00428678
0.00428246
0.00427815
0.00427384
0.00426954
0.00426524
0.00426095
0.00425666
0.00425238
0.0042481
0.00424382
0.00423955
0.00423528
0.00423102
0.00422676
0.0042225
0.00421825
0.00421401
0.00420976
0.00420553
0.00420129
0.00419706
0.00419284
0.00418862
0.0041844
0.00418019
0.00417598
0.00417178
0.00416758
0.00416338
0.00415919
0.004155
0.00415082
0.00414664
0.00414247
0.0041383
0.00413413
0.00412997
0.00412582
0.00412166
0.00411751
0.00411337
0.00410923
0.00410509
0.00410096
0.00409683
0.00409271
0.00408859
0.00408447
0.00408036
0.00407625
0.00407215
0.00406805
0.00406395
0.00405986
0.00405578
0.00405169
0.00404762
0.00404354
0.00403947
0.0040354
0.00403134
0.00402728
0.00402323
0.00401918
0.00401513
0.00401109
0.00400705
0.00400302
0.00399899
0.00399497
0.00399094
0.00398693
0.00398291
0.0039789
0.0039749
0.0039709
0.0039669
0.00396291
0.00395892
0.00395493
0.00395095
0.00394697
0.003943
0.00393903
0.00393507
0.00393111
0.00392715
0.0039232
0.00391925
0.0039153
0.00391136
0.00390742
0.00390349
0.00389956
0.00389563
0.00389171
0.0038878
0.00388388
0.00387997
0.00387607
0.00387216
0.00386827
0.00386437
0.00386048
0.0038566
0.00385271
0.00384884
0.00384496
0.00384109
0.00383722
0.00383336
0.0038295
0.00382565
0.0038218
0.00381795
0.00381411
0.00381027
0.00380643
0.0038026
0.00379877
0.00379495
0.00379113
0.00378731
0.0037835
0.00377969
0.00377589
0.00377209
0.00376829
0.00376449
0.00376071
0.00375692
0.00375314
0.00374936
0.00374559
0.00374181
0.00373805
0.00373429
0.00373053
0.00372677
0.00372302
0.00371927
0.00371553
0.00371179
0.00370805
0.00370432
0.00370059
0.00369686
0.00369314
0.00368943
0.00368571
0.003682
0.00367829
0.00367459
0.00367089
0.0036672
0.00366351
0.00365982
0.00365613
0.00365245
0.00364878
0.0036451
0.00364144
0.00363777
0.00363411
0.00363045
0.00362679
0.00362314
0.0036195
0.00361585
0.00361221
0.00360858
0.00360494
0.00360132
0.00359769
0.00359407
0.00359045
0.00358684
0.00358323
0.00357962
0.00357602
0.00357242
0.00356882
0.00356523
0.00356164
0.00355805
0.00355447
0.00355089
0.00354732
0.00354375
0.00354018
0.00353662
0.00353306
0.0035295
0.00352595
0.0035224
0.00351885
0.00351531
0.00351177
0.00350824
0.0035047
0.00350118
0.00349765
0.00349413
0.00349061
0.0034871
0.00348359
0.00348008
0.00347658
0.00347308
0.00346958
0.00346609
0.0034626
0.00345912
0.00345564
0.00345216
0.00344868
0.00344521
0.00344174
0.00343828
0.00343482
0.00343136
0.0034279
0.00342445
0.00342101
0.00341756
0.00341412
0.00341069
0.00340725
0.00340382
0.0034004
0.00339697
0.00339355
0.00339014
0.00338672
0.00338332
0.00337991
0.00337651
0.00337311
0.00336971
0.00336632
0.00336293
0.00335955
0.00335616
0.00335279
0.00334941
0.00334604
0.00334267
0.00333931
0.00333595
0.00333259
0.00332923
0.00332588
0.00332253
0.00331919
0.00331585
0.00331251
0.00330917
0.00330584
0.00330252
0.00329919
0.00329587
0.00329255
0.00328924
0.00328593
0.00328262
0.00327931
0.00327601
0.00327272
0.00326942
0.00326613
0.00326284
0.00325956
0.00325628
0.003253
0.00324972
0.00324645
0.00324319
0.00323992
0.00323666
0.0032334
0.00323015
0.00322689
0.00322365
0.0032204
0.00321716
0.00321392
0.00321069
0.00320745
0.00320422
0.003201
0.00319778
0.00319456
0.00319134
0.00318813
0.00318492
0.00318171
0.00317851
0.00317531
0.00317212
0.00316892
0.00316573
0.00316255
0.00315936
0.00315618
0.003153
0.00314983
0.00314666
0.00314349
0.00314033
0.00313717
0.00313401
0.00313085
0.0031277
0.00312455
0.00312141
0.00311827
0.00311513
0.00311199
0.00310886
0.00310573
0.0031026
0.00309948
0.00309636
0.00309324
0.00309013
0.00308702
0.00308391
0.00308081
0.0030777
0.00307461
0.00307151
0.00306842
0.00306533
0.00306225
0.00305916
0.00305608
0.00305301
0.00304993
0.00304686
0.0030438
0.00304073
0.00303767
0.00303461
0.00303156
0.00302851
0.00302546
0.00302241
0.00301937
0.00301633
0.00301329
0.00301026
0.00300723
0.0030042
0.00300118
0.00299816
0.00299514
0.00299213
0.00298911
0.0029861
0.0029831
0.0029801
0.0029771
0.0029741
0.0029711
0.00296811
0.00296513
0.00296214
0.00295916
0.00295618
0.0029532
0.00295023
0.00294726
0.0029443
0.00294133
0.00293837
0.00293541
0.00293246
0.00292951
0.00292656
0.00292361
0.00292067
0.00291773
0.00291479
0.00291186
0.00290893
0.002906
0.00290307
0.00290015
0.00289723
0.00289431
0.0028914
0.00288849
0.00288558
0.00288268
0.00287977
0.00287688
0.00287398
0.00287109
0.0028682
0.00286531
0.00286243
0.00285954
0.00285667
0.00285379
0.00285092
0.00284805
0.00284518
0.00284232
0.00283945
0.0028366
0.00283374
0.00283089
0.00282804
0.00282519
0.00282235
0.00281951
0.00281667
0.00281383
0.002811
0.00280817
0.00280534
0.00280252
0.0027997
0.00279688
0.00279406
0.00279125
0.00278844
0.00278564
0.00278283
0.00278003
0.00277723
0.00277444
0.00277164
0.00276885
0.00276607
0.00276328
0.0027605
0.00275772
0.00275494
0.00275217
0.0027494
0.00274663
0.00274387
0.00274111
0.00273835
0.00273559
0.00273284
0.00273009
0.00272734
0.00272459
0.00272185
0.00271911
0.00271637
0.00271364
0.00271091
0.00270818
0.00270545
0.00270273
0.00270001
0.00269729
0.00269457
0.00269186
0.00268915
0.00268644
0.00268374
0.00268104
0.00267834
0.00267564
0.00267295
0.00267026
0.00266757
0.00266489
0.0026622
0.00265952
0.00265685
0.00265417
0.0026515
0.00264883
0.00264616
0.0026435
0.00264084
0.00263818
0.00263553
0.00263287
0.00263022
0.00262757
0.00262493
0.00262229
0.00261965
0.00261701
0.00261438
0.00261174
0.00260911
0.00260649
0.00260386
0.00260124
0.00259862
0.00259601
0.0025934
0.00259079
0.00258818
0.00258557
0.00258297
0.00258037
0.00257777
0.00257518
0.00257258
0.00256999
0.00256741
0.00256482
0.00256224
0.00255966
0.00255708
0.00255451
0.00255194
0.00254937
0.0025468
0.00254424
0.00254168
0.00253912
0.00253656
0.00253401
0.00253146
0.00252891
0.00252637
0.00252382
0.00252128
0.00251874
0.00251621
0.00251368
0.00251115
0.00250862
0.00250609
0.00250357
0.00250105
0.00249853
0.00249602
0.0024935
0.00249099
0.00248849
0.00248598
0.00248348
0.00248098
0.00247848
0.00247599
0.00247349
0.002471
0.00246852
0.00246603
0.00246355
0.00246107
0.00245859
0.00245612
0.00245364
0.00245117
0.00244871
0.00244624
0.00244378
0.00244132
0.00243886
0.00243641
0.00243395
0.0024315
0.00242906
0.00242661
0.00242417
0.00242173
0.00241929
0.00241686
0.00241442
0.00241199
0.00240956
0.00240714
0.00240472
0.00240229
0.00239988
0.00239746
0.00239505
0.00239264
0.00239023
0.00238782
0.00238542
0.00238302
0.00238062
0.00237822
0.00237583
0.00237344
0.00237105
0.00236866
0.00236627
0.00236389
0.00236151
0.00235914
0.00235676
0.00235439
0.00235202
0.00234965
0.00234729
0.00234492
0.00234256
0.0023402
0.00233785
0.0023355
0.00233314
0.0023308
0.00232845
0.00232611
0.00232376
0.00232142
0.00231909
0.00231675
0.00231442
0.00231209
0.00230976
0.00230744
0.00230512
0.0023028
0.00230048
0.00229816
0.00229585
0.00229354
0.00229123
0.00228892
0.00228662
0.00228432
0.00228202
0.00227972
0.00227742
0.00227513
0.00227284
0.00227055
0.00226827
0.00226598
0.0022637
0.00226142
0.00225915
0.00225687
0.0022546
0.00225233
0.00225006
0.0022478
0.00224554
0.00224328
0.00224102
0.00223876
0.00223651
0.00223426
0.00223201
0.00222976
0.00222752
0.00222527
0.00222303
0.0022208
0.00221856
0.00221633
0.0022141
0.00221187
0.00220964
0.00220742
0.00220519
0.00220298
0.00220076
0.00219854
0.00219633
0.00219412
0.00219191
0.0021897
0.0021875
0.0021853
0.0021831
0.0021809
0.0021787
0.00217651
0.00217432
0.00217213
0.00216994
0.00216776
0.00216558
0.0021634
0.00216122
0.00215904
0.00215687
0.0021547
0.00215253
0.00215036
0.0021482
0.00214604
0.00214388
0.00214172
0.00213956
0.00213741
0.00213526
0.00213311
0.00213096
0.00212881
0.00212667
0.00212453
0.00212239
0.00212026
0.00211812
0.00211599
0.00211386
0.00211173
0.00210961
0.00210748
0.00210536
0.00210324
0.00210112
0.00209901
0.0020969
0.00209478
0.00209268
0.00209057
0.00208847
0.00208636
0.00208426
0.00208216
0.00208007
0.00207797
0.00207588
0.00207379
0.00207171
0.00206962
0.00206754
0.00206546
0.00206338
0.0020613
0.00205922
0.00205715
0.00205508
0.00205301
0.00205094
0.00204888
0.00204682
0.00204476
0.0020427
0.00204064
0.00203859
0.00203654
0.00203449
0.00203244
0.00203039
0.00202835
0.00202631
0.00202427
0.00202223
0.00202019
0.00201816
0.00201613
0.0020141
0.00201207
0.00201005
0.00200802
0.002006
0.00200398
0.00200196
0.00199995
0.00199794
0.00199592
0.00199392
0.00199191
0.0019899
0.0019879
0.0019859
0.0019839
0.0019819
0.00197991
0.00197791
0.00197592
0.00197393
0.00197195
0.00196996
0.00196798
0.001966
0.00196402
0.00196204
0.00196007
0.00195809
0.00195612
0.00195415
0.00195219
0.00195022
0.00194826
0.0019463
0.00194434
0.00194238
0.00194042
0.00193847
0.00193652
0.00193457
0.00193262
0.00193068
0.00192873
0.00192679
0.00192485
0.00192292
0.00192098
0.00191905
0.00191711
0.00191518
0.00191326
0.00191133
0.00190941
0.00190748
0.00190556
0.00190365
0.00190173
0.00189981
0.0018979
0.00189599
0.00189408
0.00189218
0.00189027
0.00188837
0.00188647
0.00188457
0.00188267
0.00188078
0.00187888
0.00187699
0.0018751
0.00187321
0.00187133
0.00186945
0.00186756
0.00186568
0.00186381
0.00186193
0.00186005
0.00185818
0.00185631
0.00185444
0.00185258
0.00185071
0.00184885
0.00184699
0.00184513
0.00184327
0.00184142
0.00183956
0.00183771
0.00183586
0.00183401
0.00183217
0.00183032
0.00182848
0.00182664
0.0018248
0.00182296
0.00182113
0.00181929
0.00181746
0.00181563
0.00181381
0.00181198
0.00181016
0.00180833
0.00180651
0.00180469
0.00180288
0.00180106
0.00179925
0.00179744
0.00179563
0.00179382
0.00179202
0.00179021
0.00178841
0.00178661
0.00178481
0.00178301
0.00178122
0.00177943
0.00177763
0.00177585
0.00177406
0.00177227
0.00177049
0.00176871
0.00176693
0.00176515
0.00176337
0.00176159
0.00175982
0.00175805
0.00175628
0.00175451
0.00175275
0.00175098
0.00174922
0.00174746
0.0017457
0.00174394
0.00174219
0.00174043
0.00173868
0.00173693
0.00173518
0.00173343
0.00173169
0.00172995
0.00172821
0.00172647
0.00172473
0.00172299
0.00172126
0.00171952
0.00171779
0.00171606
0.00171434
0.00171261
0.00171089
0.00170916
0.00170744
0.00170572
0.00170401
0.00170229
0.00170058
0.00169887
0.00169716
0.00169545
0.00169374
0.00169204
0.00169033
0.00168863
0.00168693
0.00168523
0.00168354
0.00168184
0.00168015
0.00167846
0.00167677
0.00167508
0.00167339
0.00167171
0.00167003
0.00166835
0.00166667
0.00166499
0.00166331
0.00166164
0.00165997
0.00165829
0.00165663
0.00165496
0.00165329
0.00165163
0.00164996
0.0016483
0.00164664
0.00164499
0.00164333
0.00164168
0.00164002
0.00163837
0.00163672
0.00163508
0.00163343
0.00163179
0.00163014
0.0016285
0.00162686
0.00162523
0.00162359
0.00162195
0.00162032
0.00161869
0.00161706
0.00161543
0.00161381
0.00161218
0.00161056
0.00160894
0.00160732
0.0016057
0.00160408
0.00160247
0.00160086
0.00159925
0.00159764
0.00159603
0.00159442
0.00159282
0.00159121
0.00158961
0.00158801
0.00158641
0.00158481
0.00158322
0.00158163
0.00158003
0.00157844
0.00157685
0.00157527
0.00157368
0.0015721
0.00157051
0.00156893
0.00156735
0.00156578
0.0015642
0.00156263
0.00156105
0.00155948
0.00155791
0.00155634
0.00155478
0.00155321
0.00155165
0.00155009
0.00154852
0.00154697
0.00154541
0.00154385
0.0015423
0.00154075
0.0015392
0.00153765
0.0015361
0.00153455
0.00153301
0.00153146
0.00152992
0.00152838
0.00152684
0.00152531
0.00152377
0.00152224
0.0015207
0.00151917
0.00151764
0.00151612
0.00151459
0.00151307
0.00151154
0.00151002
0.0015085
0.00150698
0.00150547
0.00150395
0.00150244
0.00150092
0.00149941
0.0014979
0.0014964
0.00149489
0.00149338
0.00149188
0.00149038
0.00148888
0.00148738
0.00148588
0.00148439
0.00148289
0.0014814
0.00147991
0.00147842
0.00147693
0.00147544
0.00147396
0.00147247
0.00147099
0.00146951
0.00146803
0.00146655
0.00146508
0.0014636
0.00146213
0.00146066
0.00145919
0.00145772
0.00145625
0.00145479
0.00145332
0.00145186
0.0014504
0.00144894
0.00144748
0.00144602
0.00144457
0.00144311
0.00144166
0.00144021
0.00143876
0.00143731
0.00143586
0.00143442
0.00143297
0.00143153
0.00143009
0.00142865
0.00142721
0.00142577
0.00142434
0.00142291
0.00142147
0.00142004
0.00141861
0.00141718
0.00141576
0.00141433
0.00141291
0.00141149
0.00141007
0.00140865
0.00140723
0.00140581
0.0014044
0.00140298
0.00140157
0.00140016
0.00139875
0.00139734
0.00139594
0.00139453
0.00139313
0.00139172
0.00139032
0.00138892
0.00138753
0.00138613
0.00138473
0.00138334
0.00138195
0.00138056
0.00137917
0.00137778
0.00137639
0.00137501
0.00137362
0.00137224
0.00137086
0.00136948
0.0013681
0.00136672
0.00136535
0.00136397
0.0013626
0.00136123
0.00135986
0.00135849
0.00135712
0.00135575
0.00135439
0.00135303
0.00135166
0.0013503
0.00134894
0.00134759
0.00134623
0.00134487
0.00134352
0.00134217
0.00134082
0.00133947
0.00133812
0.00133677
0.00133543
0.00133408
0.00133274
0.0013314
0.00133006
0.00132872
0.00132738
0.00132604
0.00132471
0.00132337
0.00132204
0.00132071
0.00131938
0.00131805
0.00131673
0.0013154
0.00131408
0.00131275
0.00131143
0.00131011
0.00130879
0.00130748
0.00130616
0.00130485
0.00130353
0.00130222
0.00130091
0.0012996
0.00129829
0.00129698
0.00129568
0.00129437
0.00129307
0.00129177
0.00129047
0.00128917
0.00128787
0.00128658
0.00128528
0.00128399
0.00128269
0.0012814
0.00128011
0.00127882
0.00127754
0.00127625
0.00127497
0.00127368
0.0012724
0.00127112
0.00126984
0.00126856
0.00126729
0.00126601
0.00126474
0.00126346
0.00126219
0.00126092
0.00125965
0.00125838
0.00125712
0.00125585
0.00125459
0.00125332
0.00125206
0.0012508
0.00124954
0.00124828
0.00124703
0.00124577
0.00124452
0.00124327
0.00124201
0.00124076
0.00123951
0.00123827
0.00123702
0.00123577
0.00123453
0.00123329
0.00123205
0.00123081
0.00122957
0.00122833
0.00122709
0.00122586
0.00122462
0.00122339
0.00122216
0.00122093
0.0012197
0.00121847
0.00121725
0.00121602
0.0012148
0.00121357
0.00121235
0.00121113
0.00120991
0.00120869
0.00120748
0.00120626
0.00120505
0.00120383
0.00120262
0.00120141
0.0012002
0.00119899
0.00119779
0.00119658
0.00119538
0.00119417
0.00119297
0.00119177
0.00119057
0.00118937
0.00118818
0.00118698
0.00118578
0.00118459
0.0011834
0.00118221
0.00118102
0.00117983
0.00117864
0.00117745
0.00117627
0.00117508
0.0011739
0.00117272
0.00117154
0.00117036
0.00116918
0.001168
0.00116683
0.00116565
0.00116448
0.00116331
0.00116214
0.00116097
0.0011598
0.00115863
0.00115747
0.0011563
0.00115514
0.00115397
0.00115281
0.00115165
0.00115049
0.00114933
0.00114818
0.00114702
0.00114587
0.00114471
0.00114356
0.00114241
0.00114126
0.00114011
0.00113896
0.00113782
0.00113667
0.00113553
0.00113438
0.00113324
0.0011321
0.00113096
0.00112982
0.00112869
0.00112755
0.00112641
0.00112528
0.00112415
0.00112302
0.00112189
0.00112076
0.00111963
0.0011185
0.00111737
0.00111625
0.00111513
0.001114
0.00111288
0.00111176
0.00111064
0.00110952
0.00110841
0.00110729
0.00110618
0.00110506
0.00110395
0.00110284
0.00110173
0.00110062
0.00109951
0.00109841
0.0010973
0.0010962
0.00109509
0.00109399
0.00109289
0.00109179
0.00109069
0.00108959
0.00108849
0.0010874
0.0010863
0.00108521
0.00108412
0.00108303
0.00108194
0.00108085
0.00107976
0.00107867
0.00107759
0.0010765
0.00107542
0.00107434
0.00107325
0.00107217
0.00107109
0.00107002
0.00106894
0.00106786
0.00106679
0.00106571
0.00106464
0.00106357
0.0010625
0.00106143
0.00106036
0.00105929
0.00105823
0.00105716
0.0010561
0.00105503
0.00105397
0.00105291
0.00105185
0.00105079
0.00104973
0.00104868
0.00104762
0.00104657
0.00104551
0.00104446
0.00104341
0.00104236
0.00104131
0.00104026
0.00103922
0.00103817
0.00103712
0.00103608
0.00103504
0.00103399
0.00103295
0.00103191
0.00103088
0.00102984
0.0010288
0.00102777
0.00102673
0.0010257
0.00102466
0.00102363
0.0010226
0.00102157
0.00102054
0.00101952
0.00101849
0.00101747
0.00101644
0.00101542
0.0010144
0.00101338
0.00101236
0.00101134
0.00101032
0.0010093
0.00100828
0.00100727
0.00100626
0.00100524
0.00100423
0.00100322
0.00100221
0.0010012
0.00100019
0.000999187
0.000998181
0.000997176
0.000996172
0.000995169
0.000994168
0.000993167
0.000992167
0.000991168
0.00099017
0.000989174
0.000988178
0.000987183
0.000986189
0.000985197
0.000984205
0.000983214
0.000982224
0.000981236
0.000980248
0.000979261
0.000978275
0.000977291
0.000976307
0.000975324
0.000974342
0.000973361
0.000972381
0.000971403
0.000970425
0.000969448
0.000968472
0.000967497
0.000966523
0.00096555
0.000964578
0.000963607
0.000962637
0.000961668
0.0009607
0.000959733
0.000958767
0.000957802
0.000956837
0.000955874
0.000954912
0.000953951
0.00095299
0.000952031
0.000951073
0.000950115
0.000949159
0.000948203
0.000947249
0.000946295
0.000945343
0.000944391
0.00094344
0.000942491
0.000941542
0.000940594
0.000939647
0.000938701
0.000937756
0.000936812
0.000935869
0.000934927
0.000933986
0.000933046
0.000932107
0.000931168
0.000930231
0.000929294
0.000928359
0.000927424
0.000926491
0.000925558
0.000924626
0.000923696
0.000922766
0.000921837
0.000920909
0.000919982
0.000919056
0.000918131
0.000917206
0.000916283
0.000915361
0.000914439
0.000913519
0.000912599
0.00091168
0.000910763
0.000909846
0.00090893
0.000908015
0.000907101
0.000906188
0.000905276
0.000904364
0.000903454
0.000902544
0.000901636
0.000900728
0.000899821
0.000898916
0.000898011
0.000897107
0.000896204
0.000895302
0.0008944
0.0008935
0.0008926
0.000891702
0.000890804
0.000889908
0.000889012
0.000888117
0.000887223
0.00088633
0.000885437
0.000884546
0.000883656
0.000882766
0.000881877
0.00088099
0.000880103
0.000879217
0.000878332
0.000877448
0.000876564
0.000875682
0.0008748
0.00087392
0.00087304
0.000872161
0.000871283
0.000870406
0.00086953
0.000868655
0.00086778
0.000866907
0.000866034
0.000865162
0.000864291
0.000863421
0.000862552
0.000861684
0.000860816
0.00085995
0.000859084
0.000858219
0.000857355
0.000856492
0.00085563
0.000854769
0.000853908
0.000853049
0.00085219
0.000851332
0.000850475
0.000849619
0.000848764
0.000847909
0.000847056
0.000846203
0.000845351
0.0008445
0.00084365
0.000842801
0.000841952
0.000841105
0.000840258
0.000839412
0.000838567
0.000837723
0.00083688
0.000836037
0.000835196
0.000834355
0.000833515
0.000832676
0.000831838
0.000831
0.000830164
0.000829328
0.000828493
0.000827659
0.000826826
0.000825994
0.000825162
0.000824332
0.000823502
0.000822673
0.000821845
0.000821017
0.000820191
0.000819365
0.00081854
0.000817716
0.000816893
0.000816071
0.000815249
0.000814429
0.000813609
0.00081279
0.000811972
0.000811154
0.000810338
0.000809522
0.000808707
0.000807893
0.00080708
0.000806267
0.000805456
0.000804645
0.000803835
0.000803026
0.000802217
0.00080141
0.000800603
0.000799797
0.000798992
0.000798188
0.000797384
0.000796581
0.000795779
0.000794978
0.000794178
0.000793379
0.00079258
0.000791782
0.000790985
0.000790189
0.000789393
0.000788599
0.000787805
0.000787012
0.00078622
0.000785428
0.000784637
0.000783848
0.000783059
0.00078227
0.000781483
0.000780696
0.00077991
0.000779125
0.000778341
0.000777557
0.000776775
0.000775993
0.000775211
0.000774431
0.000773651
0.000772873
0.000772095
0.000771317
0.000770541
0.000769765
0.00076899
0.000768216
0.000767443
0.00076667
0.000765899
0.000765128
0.000764357
0.000763588
0.000762819
0.000762051
0.000761284
0.000760518
0.000759752
0.000758987
0.000758223
0.00075746
0.000756698
0.000755936
0.000755175
0.000754415
0.000753655
0.000752897
0.000752139
0.000751382
0.000750625
0.00074987
0.000749115
0.000748361
0.000747607
0.000746855
0.000746103
0.000745352
0.000744601
0.000743852
0.000743103
0.000742355
0.000741608
0.000740861
0.000740115
0.00073937
0.000738626
0.000737883
0.00073714
0.000736398
0.000735656
0.000734916
0.000734176
0.000733437
0.000732699
0.000731961
0.000731224
0.000730488
0.000729753
0.000729018
0.000728284
0.000727551
0.000726819
0.000726087
0.000725356
0.000724626
0.000723897
0.000723168
0.00072244
0.000721713
0.000720986
0.00072026
0.000719535
0.000718811
0.000718087
0.000717364
0.000716642
0.000715921
0.0007152
0.00071448
0.000713761
0.000713042
0.000712325
0.000711608
0.000710891
0.000710176
0.000709461
0.000708747
0.000708033
0.00070732
0.000706608
0.000705897
0.000705186
0.000704476
0.000703767
0.000703059
0.000702351
0.000701644
0.000700938
0.000700232
0.000699527
0.000698823
0.00069812
0.000697417
0.000696715
0.000696013
0.000695313
0.000694613
0.000693914
0.000693215
0.000692517
0.00069182
0.000691124
0.000690428
0.000689733
0.000689039
0.000688345
0.000687652
0.00068696
0.000686268
0.000685577
0.000684887
0.000684198
0.000683509
0.000682821
0.000682134
0.000681447
0.000680761
0.000680076
0.000679391
0.000678707
0.000678024
0.000677341
0.00067666
0.000675978
0.000675298
0.000674618
0.000673939
0.000673261
0.000672583
0.000671906
0.000671229
0.000670554
0.000669879
0.000669204
0.000668531
0.000667858
0.000667185
0.000666514
0.000665843
0.000665173
0.000664503
0.000663834
0.000663166
0.000662498
0.000661831
0.000661165
0.000660499
0.000659835
0.00065917
0.000658507
0.000657844
0.000657182
0.00065652
0.000655859
0.000655199
0.000654539
0.00065388
0.000653222
0.000652565
0.000651908
0.000651252
0.000650596
0.000649941
0.000649287
0.000648633
0.00064798
0.000647328
0.000646676
0.000646025
0.000645375
0.000644725
0.000644076
0.000643428
0.00064278
0.000642133
0.000641487
0.000640841
0.000640196
0.000639551
0.000638908
0.000638264
0.000637622
0.00063698
0.000636339
0.000635698
0.000635058
0.000634419
0.00063378
0.000633142
0.000632505
0.000631868
0.000631232
0.000630597
0.000629962
0.000629328
0.000628694
0.000628061
0.000627429
0.000626798
0.000626167
0.000625536
0.000624907
0.000624277
0.000623649
0.000623021
0.000622394
0.000621767
0.000621142
0.000620516
0.000619892
0.000619268
0.000618644
0.000618021
0.000617399
0.000616778
0.000616157
0.000615537
0.000614917
0.000614298
0.00061368
0.000613062
0.000612445
0.000611828
0.000611212
0.000610597
0.000609982
0.000609368
0.000608755
0.000608142
0.00060753
0.000606918
0.000606307
0.000605697
0.000605087
0.000604478
0.00060387
0.000603262
0.000602654
0.000602048
0.000601442
0.000600836
0.000600231
0.000599627
0.000599024
0.000598421
0.000597818
0.000597216
0.000596615
0.000596015
0.000595415
0.000594815
0.000594216
0.000593618
0.000593021
0.000592424
0.000591827
0.000591232
0.000590636
0.000590042
0.000589448
0.000588855
0.000588262
0.00058767
0.000587078
0.000586487
0.000585897
0.000585307
0.000584718
0.000584129
0.000583541
0.000582954
0.000582367
0.00058178
0.000581195
0.00058061
0.000580025
0.000579441
0.000578858
0.000578275
0.000577693
0.000577112
0.000576531
0.00057595
0.000575371
0.000574791
0.000574213
0.000573635
0.000573057
0.00057248
0.000571904
0.000571328
0.000570753
0.000570179
0.000569605
0.000569031
0.000568459
0.000567886
0.000567315
0.000566744
0.000566173
0.000565603
0.000565034
0.000564465
0.000563897
0.000563329
0.000562762
0.000562195
0.000561629
0.000561064
0.000560499
0.000559935
0.000559371
0.000558808
0.000558246
0.000557684
0.000557122
0.000556562
0.000556001
0.000555442
0.000554882
0.000554324
0.000553766
0.000553208
0.000552652
0.000552095
0.000551539
0.000550984
0.00055043
0.000549875
0.000549322
0.000548769
0.000548217
0.000547665
0.000547113
0.000546563
0.000546012
0.000545463
0.000544914
0.000544365
0.000543817
0.00054327
0.000542723
0.000542176
0.000541631
0.000541085
0.000540541
0.000539997
0.000539453
0.00053891
0.000538367
0.000537825
0.000537284
0.000536743
0.000536203
0.000535663
0.000535124
0.000534585
0.000534047
0.000533509
0.000532972
0.000532436
0.0005319
0.000531364
0.00053083
0.000530295
0.000529761
0.000529228
0.000528695
0.000528163
0.000527631
0.0005271
0.00052657
0.00052604
0.00052551
0.000524981
0.000524453
0.000523925
0.000523397
0.00052287
0.000522344
0.000521818
0.000521293
0.000520768
0.000520244
0.00051972
0.000519197
0.000518674
0.000518152
0.000517631
0.000517109
0.000516589
0.000516069
0.000515549
0.00051503
0.000514512
0.000513994
0.000513477
0.00051296
0.000512443
0.000511927
0.000511412
0.000510897
0.000510383
0.000509869
0.000509356
0.000508843
0.000508331
0.000507819
0.000507308
0.000506797
0.000506287
0.000505778
0.000505268
0.00050476
0.000504252
0.000503744
0.000503237
0.00050273
0.000502224
0.000501719
0.000501214
0.000500709
0.000500205
0.000499701
0.000499198
0.000498696
0.000498194
0.000497692
0.000497191
0.000496691
0.000496191
0.000495691
0.000495192
0.000494694
0.000494196
0.000493698
0.000493201
0.000492705
0.000492209
0.000491713
0.000491219
0.000490724
0.00049023
0.000489737
0.000489244
0.000488751
0.000488259
0.000487768
0.000487276
0.000486786
0.000486296
0.000485806
0.000485317
0.000484829
0.000484341
0.000483853
0.000483366
0.00048288
0.000482393
0.000481908
0.000481423
0.000480938
0.000480454
0.00047997
0.000479487
0.000479004
0.000478522
0.000478041
0.000477559
0.000477079
0.000476598
0.000476119
0.000475639
0.00047516
0.000474682
0.000474204
0.000473727
0.00047325
0.000472774
0.000472298
0.000471822
0.000471347
0.000470873
0.000470399
0.000469925
0.000469452
0.00046898
0.000468508
0.000468036
0.000467565
0.000467094
0.000466624
0.000466154
0.000465685
0.000465216
0.000464748
0.00046428
0.000463813
0.000463346
0.000462879
0.000462413
0.000461948
0.000461483
0.000461018
0.000460554
0.00046009
0.000459627
0.000459165
0.000458702
0.000458241
0.000457779
0.000457319
0.000456858
0.000456398
0.000455939
0.00045548
0.000455021
0.000454563
0.000454106
0.000453649
0.000453192
0.000452736
0.00045228
0.000451825
0.00045137
0.000450915
0.000450462
0.000450008
0.000449555
0.000449102
0.00044865
0.000448199
0.000447748
0.000447297
0.000446847
0.000446397
0.000445947
0.000445498
0.00044505
0.000444602
0.000444154
0.000443707
0.000443261
0.000442814
0.000442369
0.000441923
0.000441478
0.000441034
0.00044059
0.000440147
0.000439703
0.000439261
0.000438819
0.000438377
0.000437936
0.000437495
0.000437054
0.000436614
0.000436175
0.000435736
0.000435297
0.000434859
0.000434421
0.000433984
0.000433547
0.000433111
0.000432675
0.000432239
0.000431804
0.000431369
0.000430935
0.000430501
0.000430068
0.000429635
0.000429202
0.00042877
0.000428339
0.000427908
0.000427477
0.000427046
0.000426617
0.000426187
0.000425758
0.000425329
0.000424901
0.000424474
0.000424046
0.000423619
0.000423193
0.000422767
0.000422341
0.000421916
0.000421491
0.000421067
0.000420643
0.00042022
0.000419797
0.000419374
0.000418952
0.00041853
0.000418109
0.000417688
0.000417268
0.000416848
0.000416428
0.000416009
0.00041559
0.000415172
0.000414754
0.000414336
0.000413919
0.000413502
0.000413086
0.00041267
0.000412255
0.00041184
0.000411425
0.000411011
0.000410597
0.000410184
0.000409771
0.000409359
0.000408947
0.000408535
0.000408124
0.000407713
0.000407302
0.000406892
0.000406483
0.000406074
0.000405665
0.000405256
0.000404848
0.000404441
0.000404034
0.000403627
0.000403221
0.000402815
0.000402409
0.000402004
0.0004016
0.000401195
0.000400791
0.000400388
0.000399985
0.000399582
0.00039918
0.000398778
0.000398377
0.000397976
0.000397575
0.000397175
0.000396775
0.000396376
0.000395977
0.000395578
0.00039518
0.000394782
0.000394385
0.000393988
0.000393591
0.000393195
0.000392799
0.000392403
0.000392008
0.000391614
0.00039122
0.000390826
0.000390432
0.000390039
0.000389647
0.000389254
0.000388863
0.000388471
0.00038808
0.000387689
0.000387299
0.000386909
0.00038652
0.000386131
0.000385742
0.000385354
0.000384966
0.000384578
0.000384191
0.000383804
0.000383418
0.000383032
0.000382646
0.000382261
0.000381876
0.000381492
0.000381108
0.000380724
0.000380341
0.000379958
0.000379576
0.000379194
0.000378812
0.000378431
0.00037805
0.000377669
0.000377289
0.000376909
0.00037653
0.000376151
0.000375772
0.000375394
0.000375016
0.000374638
0.000374261
0.000373884
0.000373508
0.000373132
0.000372756
0.000372381
0.000372006
0.000371632
0.000371258
0.000370884
0.000370511
0.000370138
0.000369765
0.000369393
0.000369021
0.000368649
0.000368278
0.000367908
0.000367537
0.000367167
0.000366798
0.000366428
0.00036606
0.000365691
0.000365323
0.000364955
0.000364588
0.000364221
0.000363854
0.000363488
0.000363122
0.000362756
0.000362391
0.000362026
0.000361662
0.000361298
0.000360934
0.000360571
0.000360208
0.000359845
0.000359483
0.000359121
0.00035876
0.000358399
0.000358038
0.000357677
0.000357317
0.000356958
0.000356598
0.000356239
0.000355881
0.000355522
0.000355164
0.000354807
0.00035445
0.000354093
0.000353737
0.00035338
0.000353025
0.000352669
0.000352314
0.00035196
0.000351605
0.000351251
0.000350898
0.000350545
0.000350192
0.000349839
0.000349487
0.000349135
0.000348784
0.000348433
0.000348082
0.000347731
0.000347381
0.000347032
0.000346682
0.000346333
0.000345985
0.000345636
0.000345288
0.000344941
0.000344594
0.000344247
0.0003439
0.000343554
0.000343208
0.000342863
0.000342518
0.000342173
0.000341828
0.000341484
0.00034114
0.000340797
0.000340454
0.000340111
0.000339769
0.000339427
0.000339085
0.000338744
0.000338403
0.000338062
0.000337722
0.000337382
0.000337042
0.000336703
0.000336364
0.000336025
0.000335687
0.000335349
0.000335012
0.000334674
0.000334337
0.000334001
0.000333665
0.000333329
0.000332993
0.000332658
0.000332323
0.000331989
0.000331654
0.000331321
0.000330987
0.000330654
0.000330321
0.000329988
0.000329656
0.000329324
0.000328993
0.000328662
0.000328331
0.000328
0.00032767
0.00032734
0.000327011
0.000326682
0.000326353
0.000326024
0.000325696
0.000325368
0.000325041
0.000324713
0.000324387
0.00032406
0.000323734
0.000323408
0.000323082
0.000322757
0.000322432
0.000322108
0.000321783
0.000321459
0.000321136
0.000320813
0.00032049
0.000320167
0.000319845
0.000319523
0.000319201
0.00031888
0.000318559
0.000318238
0.000317918
0.000317598
0.000317278
0.000316959
0.000316639
0.000316321
0.000316002
0.000315684
0.000315366
0.000315049
0.000314732
0.000314415
0.000314098
0.000313782
0.000313466
0.000313151
0.000312836
0.000312521
0.000312206
0.000311892
0.000311578
0.000311264
0.000310951
0.000310638
0.000310325
0.000310013
0.000309701
0.000309389
0.000309077
0.000308766
0.000308455
0.000308145
0.000307835
0.000307525
0.000307215
0.000306906
0.000306597
0.000306288
0.00030598
0.000305672
0.000305364
0.000305057
0.00030475
0.000304443
0.000304137
0.00030383
0.000303525
0.000303219
0.000302914
0.000302609
0.000302304
0.000302
0.000301696
0.000301392
0.000301089
0.000300786
0.000300483
0.00030018
0.000299878
0.000299576
0.000299275
0.000298974
0.000298673
0.000298372
0.000298072
0.000297772
0.000297472
0.000297172
0.000296873
0.000296574
0.000296276
0.000295978
0.00029568
0.000295382
0.000295085
0.000294788
0.000294491
0.000294194
0.000293898
0.000293602
0.000293307
0.000293012
0.000292717
0.000292422
0.000292128
0.000291833
0.00029154
0.000291246
0.000290953
0.00029066
0.000290368
0.000290075
0.000289783
0.000289491
0.0002892
0.000288909
0.000288618
0.000288328
0.000288037
0.000287747
0.000287458
0.000287168
0.000286879
0.00028659
0.000286302
0.000286014
0.000285726
0.000285438
0.000285151
0.000284864
0.000284577
0.000284291
0.000284004
0.000283718
0.000283433
0.000283148
0.000282863
0.000282578
0.000282293
0.000282009
0.000281725
0.000281442
0.000281158
0.000280875
0.000280593
0.00028031
0.000280028
0.000279746
0.000279464
0.000279183
0.000278902
0.000278621
0.000278341
0.000278061
0.000277781
0.000277501
0.000277222
0.000276943
0.000276664
0.000276385
0.000276107
0.000275829
0.000275552
0.000275274
0.000274997
0.00027472
0.000274444
0.000274167
0.000273891
0.000273616
0.00027334
0.000273065
0.00027279
0.000272516
0.000272241
0.000271967
0.000271693
0.00027142
0.000271147
0.000270874
0.000270601
0.000270329
0.000270057
0.000269785
0.000269513
0.000269242
0.000268971
0.0002687
0.000268429
0.000268159
0.000267889
0.00026762
0.00026735
0.000267081
0.000266812
0.000266544
0.000266275
0.000266007
0.00026574
0.000265472
0.000265205
0.000264938
0.000264671
0.000264405
0.000264138
0.000263873
0.000263607
0.000263342
0.000263077
0.000262812
0.000262547
0.000262283
0.000262019
0.000261755
0.000261492
0.000261228
0.000260965
0.000260703
0.00026044
0.000260178
0.000259916
0.000259654
0.000259393
0.000259132
0.000258871
0.00025861
0.00025835
0.00025809
0.00025783
0.000257571
0.000257311
0.000257052
0.000256794
0.000256535
0.000256277
0.000256019
0.000255761
0.000255504
0.000255247
0.00025499
0.000254733
0.000254476
0.00025422
0.000253964
0.000253709
0.000253453
0.000253198
0.000252943
0.000252689
0.000252434
0.00025218
0.000251926
0.000251673
0.000251419
0.000251166
0.000250913
0.000250661
0.000250409
0.000250156
0.000249905
0.000249653
0.000249402
0.000249151
0.0002489
0.000248649
0.000248399
0.000248149
0.000247899
0.00024765
0.0002474
0.000247151
0.000246902
0.000246654
0.000246406
0.000246158
0.00024591
0.000245662
0.000245415
0.000245168
0.000244921
0.000244674
0.000244428
0.000244182
0.000243936
0.000243691
0.000243445
0.0002432
0.000242956
0.000242711
0.000242467
0.000242223
0.000241979
0.000241735
0.000241492
0.000241249
0.000241006
0.000240763
0.000240521
0.000240279
0.000240037
0.000239795
0.000239554
0.000239313
0.000239072
0.000238831
0.000238591
0.000238351
0.000238111
0.000237871
0.000237631
0.000237392
0.000237153
0.000236915
0.000236676
0.000236438
0.0002362
0.000235962
0.000235724
0.000235487
0.00023525
0.000235013
0.000234777
0.00023454
0.000234304
0.000234068
0.000233833
0.000233597
0.000233362
0.000233127
0.000232893
0.000232658
0.000232424
0.00023219
0.000231956
0.000231723
0.000231489
0.000231256
0.000231024
0.000230791
0.000230559
0.000230327
0.000230095
0.000229863
0.000229632
0.000229401
0.00022917
0.000228939
0.000228709
0.000228478
0.000228248
0.000228019
0.000227789
0.00022756
0.000227331
0.000227102
0.000226873
0.000226645
0.000226417
0.000226189
0.000225961
0.000225734
0.000225506
0.000225279
0.000225053
0.000224826
0.0002246
0.000224374
0.000224148
0.000223922
0.000223697
0.000223471
0.000223246
0.000223022
0.000222797
0.000222573
0.000222349
0.000222125
0.000221901
0.000221678
0.000221455
0.000221232
0.000221009
0.000220787
0.000220565
0.000220343
0.000220121
0.000219899
0.000219678
0.000219457
0.000219236
0.000219015
0.000218795
0.000218574
0.000218354
0.000218134
0.000217915
0.000217695
0.000217476
0.000217257
0.000217039
0.00021682
0.000216602
0.000216384
0.000216166
0.000215948
0.000215731
0.000215514
0.000215297
0.00021508
0.000214864
0.000214647
0.000214431
0.000214216
0.000214
0.000213784
0.000213569
0.000213354
0.000213139
0.000212925
0.000212711
0.000212496
0.000212283
0.000212069
0.000211855
0.000211642
0.000211429
0.000211216
0.000211004
0.000210791
0.000210579
0.000210367
0.000210155
0.000209944
0.000209732
0.000209521
0.00020931
0.0002091
0.000208889
0.000208679
0.000208469
0.000208259
0.000208049
0.00020784
0.000207631
0.000207422
0.000207213
0.000207004
0.000206796
0.000206588
0.00020638
0.000206172
0.000205964
0.000205757
0.00020555
0.000205343
0.000205136
0.00020493
0.000204723
0.000204517
0.000204311
0.000204106
0.0002039
0.000203695
0.00020349
0.000203285
0.000203081
0.000202876
0.000202672
0.000202468
0.000202264
0.00020206
0.000201857
0.000201654
0.000201451
0.000201248
0.000201045
0.000200843
0.000200641
0.000200439
0.000200237
0.000200036
0.000199834
0.000199633
0.000199432
0.000199231
0.000199031
0.00019883
0.00019863
0.00019843
0.000198231
0.000198031
0.000197832
0.000197632
0.000197434
0.000197235
0.000197036
0.000196838
0.00019664
0.000196442
0.000196244
0.000196046
0.000195849
0.000195652
0.000195455
0.000195258
0.000195062
0.000194865
0.000194669
0.000194473
0.000194277
0.000194082
0.000193886
0.000193691
0.000193496
0.000193302
0.000193107
0.000192913
0.000192718
0.000192524
0.000192331
0.000192137
0.000191944
0.00019175
0.000191557
0.000191364
0.000191172
0.000190979
0.000190787
0.000190595
0.000190403
0.000190212
0.00019002
0.000189829
0.000189638
0.000189447
0.000189256
0.000189066
0.000188875
0.000188685
0.000188495
0.000188305
0.000188116
0.000187926
0.000187737
0.000187548
0.000187359
0.000187171
0.000186982
0.000186794
0.000186606
0.000186418
0.000186231
0.000186043
0.000185856
0.000185669
0.000185482
0.000185295
0.000185109
0.000184922
0.000184736
0.00018455
0.000184364
0.000184179
0.000183993
0.000183808
0.000183623
0.000183438
0.000183254
0.000183069
0.000182885
0.000182701
0.000182517
0.000182333
0.00018215
0.000181966
0.000181783
0.0001816
0.000181417
0.000181235
0.000181052
0.00018087
0.000180688
0.000180506
0.000180324
0.000180143
0.000179961
0.00017978
0.000179599
0.000179418
0.000179238
0.000179057
0.000178877
0.000178697
0.000178517
0.000178338
0.000178158
0.000177979
0.000177799
0.00017762
0.000177442
0.000177263
0.000177085
0.000176906
0.000176728
0.00017655
0.000176373
0.000176195
0.000176018
0.000175841
0.000175664
0.000175487
0.00017531
0.000175134
0.000174957
0.000174781
0.000174605
0.000174429
0.000174254
0.000174078
0.000173903
0.000173728
0.000173553
0.000173379
0.000173204
0.00017303
0.000172855
0.000172681
0.000172508
0.000172334
0.00017216
0.000171987
0.000171814
0.000171641
0.000171468
0.000171296
0.000171123
0.000170951
0.000170779
0.000170607
0.000170435
0.000170264
0.000170092
0.000169921
0.00016975
0.000169579
0.000169408
0.000169238
0.000169067
0.000168897
0.000168727
0.000168557
0.000168388
0.000168218
0.000168049
0.00016788
0.000167711
0.000167542
0.000167373
0.000167205
0.000167036
0.000166868
0.0001667
0.000166532
0.000166365
0.000166197
0.00016603
0.000165863
0.000165696
0.000165529
0.000165363
0.000165196
0.00016503
0.000164864
0.000164698
0.000164532
0.000164366
0.000164201
0.000164035
0.00016387
0.000163705
0.000163541
0.000163376
0.000163212
0.000163047
0.000162883
0.000162719
0.000162555
0.000162392
0.000162228
0.000162065
0.000161902
0.000161739
0.000161576
0.000161413
0.000161251
0.000161088
0.000160926
0.000160764
0.000160602
0.000160441
0.000160279
0.000160118
0.000159957
0.000159796
0.000159635
0.000159474
0.000159314
0.000159153
0.000158993
0.000158833
0.000158673
0.000158513
0.000158354
0.000158194
0.000158035
0.000157876
0.000157717
0.000157558
0.0001574
0.000157241
0.000157083
0.000156925
0.000156767
0.000156609
0.000156451
0.000156294
0.000156137
0.000155979
0.000155822
0.000155666
0.000155509
0.000155352
0.000155196
0.00015504
0.000154884
0.000154728
0.000154572
0.000154416
0.000154261
0.000154106
0.000153951
0.000153796
0.000153641
0.000153486
0.000153332
0.000153177
0.000153023
0.000152869
0.000152715
0.000152561
0.000152408
0.000152254
0.000152101
0.000151948
0.000151795
0.000151642
0.00015149
0.000151337
0.000151185
0.000151032
0.00015088
0.000150729
0.000150577
0.000150425
0.000150274
0.000150123
0.000149971
0.00014982
0.00014967
0.000149519
0.000149368
0.000149218
0.000149068
0.000148918
0.000148768
0.000148618
0.000148469
0.000148319
0.00014817
0.000148021
0.000147872
0.000147723
0.000147574
0.000147426
0.000147277
0.000147129
0.000146981
0.000146833
0.000146685
0.000146537
0.00014639
0.000146242
0.000146095
0.000145948
0.000145801
0.000145654
0.000145508
0.000145361
0.000145215
0.000145069
0.000144923
0.000144777
0.000144631
0.000144486
0.00014434
0.000144195
0.00014405
0.000143905
0.00014376
0.000143615
0.000143471
0.000143326
0.000143182
0.000143038
0.000142894
0.00014275
0.000142606
0.000142463
0.000142319
0.000142176
0.000142033
0.00014189
0.000141747
0.000141604
0.000141462
0.000141319
0.000141177
0.000141035
0.000140893
0.000140751
0.000140609
0.000140468
0.000140326
0.000140185
0.000140044
0.000139903
0.000139762
0.000139622
0.000139481
0.000139341
0.0001392
0.00013906
0.00013892
0.00013878
0.000138641
0.000138501
0.000138362
0.000138222
0.000138083
0.000137944
0.000137805
0.000137667
0.000137528
0.00013739
0.000137251
0.000137113
0.000136975
0.000136837
0.0001367
0.000136562
0.000136424
0.000136287
0.00013615
0.000136013
0.000135876
0.000135739
0.000135603
0.000135466
0.00013533
0.000135193
0.000135057
0.000134921
0.000134786
0.00013465
0.000134514
0.000134379
0.000134244
0.000134108
0.000133973
0.000133839
0.000133704
0.000133569
0.000133435
0.000133301
0.000133166
0.000133032
0.000132898
0.000132765
0.000132631
0.000132497
0.000132364
0.000132231
0.000132098
0.000131965
0.000131832
0.000131699
0.000131567
0.000131434
0.000131302
0.00013117
0.000131038
0.000130906
0.000130774
0.000130642
0.000130511
0.000130379
0.000130248
0.000130117
0.000129986
0.000129855
0.000129724
0.000129594
0.000129463
0.000129333
0.000129203
0.000129073
0.000128943
0.000128813
0.000128683
0.000128554
0.000128424
0.000128295
0.000128166
0.000128037
0.000127908
0.000127779
0.000127651
0.000127522
0.000127394
0.000127266
0.000127138
0.00012701
0.000126882
0.000126754
0.000126626
0.000126499
0.000126372
0.000126244
0.000126117
0.00012599
0.000125863
0.000125737
0.00012561
0.000125484
0.000125357
0.000125231
0.000125105
0.000124979
0.000124853
0.000124728
0.000124602
0.000124477
0.000124351
0.000124226
0.000124101
0.000123976
0.000123851
0.000123727
0.000123602
0.000123478
0.000123353
0.000123229
0.000123105
0.000122981
0.000122858
0.000122734
0.00012261
0.000122487
0.000122364
0.00012224
0.000122117
0.000121994
0.000121872
0.000121749
0.000121626
0.000121504
0.000121382
0.000121259
0.000121137
0.000121015
0.000120894
0.000120772
0.00012065
0.000120529
0.000120408
0.000120286
0.000120165
0.000120044
0.000119923
0.000119803
0.000119682
0.000119562
0.000119441
0.000119321
0.000119201
0.000119081
0.000118961
0.000118841
0.000118722
0.000118602
0.000118483
0.000118363
0.000118244
0.000118125
0.000118006
0.000117888
0.000117769
0.00011765
0.000117532
0.000117414
0.000117295
0.000117177
0.000117059
0.000116942
0.000116824
0.000116706
0.000116589
0.000116471
0.000116354
0.000116237
0.00011612
0.000116003
0.000115886
0.00011577
0.000115653
0.000115537
0.00011542
0.000115304
0.000115188
0.000115072
0.000114956
0.000114841
0.000114725
0.00011461
0.000114494
0.000114379
0.000114264
0.000114149
0.000114034
0.000113919
0.000113804
0.00011369
0.000113575
0.000113461
0.000113347
0.000113233
0.000113119
0.000113005
0.000112891
0.000112777
0.000112664
0.00011255
0.000112437
0.000112324
0.000112211
0.000112098
0.000111985
0.000111872
0.00011176
0.000111647
0.000111535
0.000111423
0.00011131
0.000111198
0.000111086
0.000110975
0.000110863
0.000110751
0.00011064
0.000110528
0.000110417
0.000110306
0.000110195
0.000110084
0.000109973
0.000109863
0.000109752
0.000109641
0.000109531
0.000109421
0.000109311
0.000109201
0.000109091
0.000108981
0.000108871
0.000108762
0.000108652
0.000108543
0.000108433
0.000108324
0.000108215
0.000108106
0.000107997
0.000107889
0.00010778
0.000107672
0.000107563
0.000107455
0.000107347
0.000107239
0.000107131
0.000107023
0.000106915
0.000106808
0.0001067
0.000106593
0.000106485
0.000106378
0.000106271
0.000106164
0.000106057
0.00010595
0.000105844
0.000105737
0.000105631
0.000105524
0.000105418
0.000105312
0.000105206
0.0001051
0.000104994
0.000104889
0.000104783
0.000104678
0.000104572
0.000104467
0.000104362
0.000104257
0.000104152
0.000104047
0.000103942
0.000103838
0.000103733
0.000103629
0.000103524
0.00010342
0.000103316
0.000103212
0.000103108
0.000103004
0.000102901
0.000102797
0.000102694
0.00010259
0.000102487
0.000102384
0.000102281
0.000102178
0.000102075
0.000101972
0.000101869
0.000101767
0.000101664
0.000101562
0.00010146
0.000101358
0.000101256
0.000101154
0.000101052
0.00010095
0.000100849
0.000100747
0.000100646
0.000100544
0.000100443
0.000100342
0.000100241
0.00010014
0.000100039
9.99386e-05
