0.159135
0.158932
0.158731
0.158531
0.158332
0.158133
0.157935
0.157737
0.157539
0.157342
0.157145
0.156948
0.156752
0.156556
0.15636
0.156165
0.15597
0.155775
0.15558
0.155386
0.155192
0.154998
0.154805
0.154612
0.154419
0.154226
0.154033
0.153841
0.153649
0.153458
0.153266
0.153075
0.152884
0.152693
0.152503
0.152313
0.152123
0.151933
0.151744
0.151555
0.151366
0.151177
0.150988
0.1508
0.150612
0.150425
0.150237
0.15005
0.149863
0.149676
0.14949
0.149303
0.149117
0.148931
0.148746
0.14856
0.148375
0.14819
0.148006
0.147821
0.147637
0.147453
0.14727
0.147086
0.146903
0.14672
0.146537
0.146355
0.146172
0.14599
0.145809
0.145627
0.145446
0.145264
0.145083
0.144903
0.144722
0.144542
0.144362
0.144182
0.144003
0.143823
0.143644
0.143465
0.143287
0.143108
0.14293
0.142752
0.142575
0.142397
0.14222
0.142043
0.141866
0.141689
0.141513
0.141337
0.141161
0.140985
0.140809
0.140634
0.140459
0.140284
0.140109
0.139935
0.139761
0.139587
0.139413
0.13924
0.139066
0.138893
0.13872
0.138548
0.138375
0.138203
0.138031
0.137859
0.137687
0.137516
0.137345
0.137174
0.137003
0.136833
0.136662
0.136492
0.136322
0.136153
0.135983
0.135814
0.135645
0.135476
0.135308
0.135139
0.134971
0.134803
0.134635
0.134468
0.1343
0.134133
0.133966
0.1338
0.133633
0.133467
0.133301
0.133135
0.132969
0.132804
0.132638
0.132473
0.132309
0.132144
0.131979
0.131815
0.131651
0.131487
0.131324
0.13116
0.130997
0.130834
0.130671
0.130509
0.130346
0.130184
0.130022
0.12986
0.129699
0.129537
0.129376
0.129215
0.129055
0.128894
0.128734
0.128573
0.128413
0.128254
0.128094
0.127935
0.127776
0.127617
0.127458
0.127299
0.127141
0.126983
0.126825
0.126667
0.126509
0.126352
0.126195
0.126038
0.125881
0.125724
0.125568
0.125412
0.125256
0.1251
0.124944
0.124789
0.124634
0.124478
0.124324
0.124169
0.124014
0.12386
0.123706
0.123552
0.123399
0.123245
0.123092
0.122939
0.122786
0.122633
0.12248
0.122328
0.122176
0.122024
0.121872
0.12172
0.121569
0.121418
0.121267
0.121116
0.120965
0.120815
0.120664
0.120514
0.120364
0.120215
0.120065
0.119916
0.119767
0.119618
0.119469
0.11932
0.119172
0.119024
0.118876
0.118728
0.11858
0.118433
0.118285
0.118138
0.117991
0.117844
0.117698
0.117551
0.117405
0.117259
0.117113
0.116968
0.116822
0.116677
0.116532
0.116387
0.116242
0.116097
0.115953
0.115809
0.115665
0.115521
0.115377
0.115234
0.11509
0.114947
0.114804
0.114661
0.114519
0.114376
0.114234
0.114092
0.11395
0.113808
0.113667
0.113526
0.113384
0.113243
0.113103
0.112962
0.112821
0.112681
0.112541
0.112401
0.112261
0.112121
0.111982
0.111843
0.111704
0.111565
0.111426
0.111287
0.111149
0.111011
0.110873
0.110735
0.110597
0.11046
0.110322
0.110185
0.110048
0.109911
0.109774
0.109638
0.109502
0.109365
0.109229
0.109093
0.108958
0.108822
0.108687
0.108552
0.108417
0.108282
0.108147
0.108013
0.107878
0.107744
0.10761
0.107476
0.107343
0.107209
0.107076
0.106943
0.10681
0.106677
0.106544
0.106412
0.10628
0.106147
0.106015
0.105884
0.105752
0.10562
0.105489
0.105358
0.105227
0.105096
0.104965
0.104835
0.104704
0.104574
0.104444
0.104314
0.104184
0.104055
0.103925
0.103796
0.103667
0.103538
0.10341
0.103281
0.103152
0.103024
0.102896
0.102768
0.10264
0.102513
0.102385
0.102258
0.102131
0.102004
0.101877
0.10175
0.101624
0.101497
0.101371
0.101245
0.101119
0.100993
0.100868
0.100742
0.100617
0.100492
0.100367
0.100242
0.100118
0.0999931
0.0998687
0.0997445
0.0996205
0.0994966
0.0993729
0.0992493
0.0991259
0.0990027
0.0988796
0.0987566
0.0986338
0.0985112
0.0983887
0.0982663
0.0981441
0.0980221
0.0979002
0.0977785
0.0976569
0.0975354
0.0974142
0.097293
0.097172
0.0970512
0.0969305
0.09681
0.0966896
0.0965694
0.0964493
0.0963294
0.0962096
0.09609
0.0959705
0.0958512
0.095732
0.0956129
0.095494
0.0953753
0.0952567
0.0951383
0.09502
0.0949018
0.0947838
0.094666
0.0945482
0.0944307
0.0943133
0.094196
0.0940789
0.0939619
0.0938451
0.0937284
0.0936118
0.0934954
0.0933792
0.0932631
0.0931471
0.0930313
0.0929156
0.0928001
0.0926847
0.0925694
0.0924543
0.0923394
0.0922246
0.0921099
0.0919954
0.091881
0.0917667
0.0916526
0.0915387
0.0914249
0.0913112
0.0911976
0.0910842
0.090971
0.0908579
0.0907449
0.0906321
0.0905194
0.0904068
0.0902944
0.0901822
0.09007
0.089958
0.0898462
0.0897345
0.0896229
0.0895115
0.0894002
0.089289
0.089178
0.0890671
0.0889564
0.0888458
0.0887353
0.088625
0.0885148
0.0884047
0.0882948
0.088185
0.0880754
0.0879659
0.0878565
0.0877473
0.0876382
0.0875292
0.0874204
0.0873117
0.0872031
0.0870947
0.0869864
0.0868782
0.0867702
0.0866623
0.0865546
0.086447
0.0863395
0.0862321
0.0861249
0.0860178
0.0859109
0.0858041
0.0856974
0.0855908
0.0854844
0.0853781
0.085272
0.085166
0.0850601
0.0849543
0.0848487
0.0847432
0.0846378
0.0845326
0.0844275
0.0843225
0.0842177
0.084113
0.0840084
0.083904
0.0837996
0.0836954
0.0835914
0.0834875
0.0833837
0.08328
0.0831764
0.083073
0.0829697
0.0828666
0.0827636
0.0826607
0.0825579
0.0824552
0.0823527
0.0822503
0.0821481
0.0820459
0.0819439
0.081842
0.0817403
0.0816387
0.0815372
0.0814358
0.0813345
0.0812334
0.0811324
0.0810316
0.0809308
0.0808302
0.0807297
0.0806293
0.0805291
0.080429
0.080329
0.0802291
0.0801293
0.0800297
0.0799302
0.0798308
0.0797316
0.0796325
0.0795335
0.0794346
0.0793358
0.0792372
0.0791387
0.0790403
0.078942
0.0788439
0.0787458
0.0786479
0.0785501
0.0784525
0.078355
0.0782575
0.0781602
0.0780631
0.077966
0.0778691
0.0777723
0.0776756
0.077579
0.0774826
0.0773862
0.07729
0.0771939
0.0770979
0.0770021
0.0769064
0.0768107
0.0767153
0.0766199
0.0765246
0.0764295
0.0763345
0.0762396
0.0761448
0.0760501
0.0759556
0.0758611
0.0757668
0.0756726
0.0755785
0.0754846
0.0753907
0.075297
0.0752034
0.0751099
0.0750165
0.0749232
0.0748301
0.0747371
0.0746441
0.0745513
0.0744587
0.0743661
0.0742736
0.0741813
0.0740891
0.073997
0.073905
0.0738131
0.0737213
0.0736297
0.0735381
0.0734467
0.0733554
0.0732642
0.0731731
0.0730821
0.0729913
0.0729005
0.0728099
0.0727194
0.072629
0.0725387
0.0724485
0.0723584
0.0722685
0.0721786
0.0720889
0.0719993
0.0719097
0.0718203
0.0717311
0.0716419
0.0715528
0.0714639
0.071375
0.0712863
0.0711977
0.0711091
0.0710207
0.0709324
0.0708443
0.0707562
0.0706682
0.0705804
0.0704926
0.070405
0.0703174
0.07023
0.0701427
0.0700555
0.0699684
0.0698814
0.0697946
0.0697078
0.0696211
0.0695346
0.0694481
0.0693618
0.0692756
0.0691894
0.0691034
0.0690175
0.0689317
0.068846
0.0687604
0.0686749
0.0685896
0.0685043
0.0684191
0.0683341
0.0682491
0.0681643
0.0680795
0.0679949
0.0679103
0.0678259
0.0677416
0.0676574
0.0675733
0.0674893
0.0674054
0.0673216
0.0672379
0.0671543
0.0670708
0.0669874
0.0669041
0.066821
0.0667379
0.0666549
0.0665721
0.0664893
0.0664066
0.0663241
0.0662416
0.0661593
0.066077
0.0659949
0.0659128
0.0658309
0.0657491
0.0656673
0.0655857
0.0655041
0.0654227
0.0653414
0.0652601
0.065179
0.065098
0.0650171
0.0649362
0.0648555
0.0647749
0.0646943
0.0646139
0.0645336
0.0644534
0.0643732
0.0642932
0.0642133
0.0641334
0.0640537
0.0639741
0.0638946
0.0638151
0.0637358
0.0636566
0.0635774
0.0634984
0.0634194
0.0633406
0.0632619
0.0631832
0.0631047
0.0630262
0.0629479
0.0628696
0.0627914
0.0627134
0.0626354
0.0625576
0.0624798
0.0624021
0.0623245
0.0622471
0.0621697
0.0620924
0.0620152
0.0619381
0.0618611
0.0617842
0.0617074
0.0616307
0.0615541
0.0614775
0.0614011
0.0613248
0.0612485
0.0611724
0.0610963
0.0610204
0.0609445
0.0608688
0.0607931
0.0607175
0.060642
0.0605667
0.0604914
0.0604162
0.0603411
0.060266
0.0601911
0.0601163
0.0600416
0.0599669
0.0598924
0.0598179
0.0597435
0.0596693
0.0595951
0.059521
0.059447
0.0593731
0.0592993
0.0592256
0.059152
0.0590784
0.059005
0.0589316
0.0588584
0.0587852
0.0587121
0.0586391
0.0585662
0.0584934
0.0584207
0.0583481
0.0582755
0.0582031
0.0581307
0.0580585
0.0579863
0.0579142
0.0578422
0.0577703
0.0576985
0.0576268
0.0575551
0.0574836
0.0574121
0.0573407
0.0572695
0.0571983
0.0571272
0.0570561
0.0569852
0.0569144
0.0568436
0.056773
0.0567024
0.0566319
0.0565615
0.0564912
0.0564209
0.0563508
0.0562808
0.0562108
0.0561409
0.0560711
0.0560014
0.0559318
0.0558623
0.0557928
0.0557235
0.0556542
0.055585
0.0555159
0.0554469
0.055378
0.0553091
0.0552404
0.0551717
0.0551031
0.0550346
0.0549662
0.0548979
0.0548296
0.0547614
0.0546934
0.0546254
0.0545575
0.0544896
0.0544219
0.0543543
0.0542867
0.0542192
0.0541518
0.0540845
0.0540172
0.0539501
0.053883
0.053816
0.0537491
0.0536823
0.0536156
0.0535489
0.0534824
0.0534159
0.0533495
0.0532832
0.0532169
0.0531508
0.0530847
0.0530187
0.0529528
0.052887
0.0528212
0.0527556
0.05269
0.0526245
0.0525591
0.0524937
0.0524285
0.0523633
0.0522982
0.0522332
0.0521682
0.0521034
0.0520386
0.0519739
0.0519093
0.0518448
0.0517803
0.051716
0.0516517
0.0515875
0.0515233
0.0514593
0.0513953
0.0513314
0.0512676
0.0512039
0.0511402
0.0510767
0.0510132
0.0509497
0.0508864
0.0508231
0.05076
0.0506969
0.0506338
0.0505709
0.050508
0.0504452
0.0503825
0.0503199
0.0502573
0.0501949
0.0501325
0.0500702
0.0500079
0.0499457
0.0498837
0.0498216
0.0497597
0.0496978
0.0496361
0.0495744
0.0495127
0.0494512
0.0493897
0.0493283
0.049267
0.0492057
0.0491446
0.0490835
0.0490225
0.0489615
0.0489007
0.0488399
0.0487792
0.0487185
0.048658
0.0485975
0.0485371
0.0484767
0.0484165
0.0483563
0.0482962
0.0482361
0.0481762
0.0481163
0.0480565
0.0479967
0.047937
0.0478775
0.0478179
0.0477585
0.0476991
0.0476398
0.0475806
0.0475215
0.0474624
0.0474034
0.0473445
0.0472856
0.0472268
0.0471681
0.0471095
0.0470509
0.0469924
0.046934
0.0468757
0.0468174
0.0467592
0.0467011
0.046643
0.046585
0.0465271
0.0464693
0.0464115
0.0463538
0.0462962
0.0462386
0.0461812
0.0461237
0.0460664
0.0460091
0.045952
0.0458948
0.0458378
0.0457808
0.0457239
0.045667
0.0456103
0.0455536
0.0454969
0.0454404
0.0453839
0.0453275
0.0452711
0.0452149
0.0451587
0.0451025
0.0450464
0.0449904
0.0449345
0.0448787
0.0448229
0.0447672
0.0447115
0.0446559
0.0446004
0.044545
0.0444896
0.0444343
0.044379
0.0443239
0.0442688
0.0442137
0.0441588
0.0441039
0.0440491
0.0439943
0.0439396
0.043885
0.0438304
0.043776
0.0437215
0.0436672
0.0436129
0.0435587
0.0435045
0.0434505
0.0433964
0.0433425
0.0432886
0.0432348
0.0431811
0.0431274
0.0430738
0.0430202
0.0429667
0.0429133
0.04286
0.0428067
0.0427535
0.0427003
0.0426473
0.0425943
0.0425413
0.0424884
0.0424356
0.0423828
0.0423302
0.0422775
0.042225
0.0421725
0.0421201
0.0420677
0.0420154
0.0419632
0.041911
0.0418589
0.0418069
0.0417549
0.041703
0.0416512
0.0415994
0.0415477
0.041496
0.0414444
0.0413929
0.0413415
0.0412901
0.0412388
0.0411875
0.0411363
0.0410851
0.0410341
0.0409831
0.0409321
0.0408812
0.0408304
0.0407797
0.040729
0.0406783
0.0406278
0.0405773
0.0405268
0.0404764
0.0404261
0.0403759
0.0403257
0.0402756
0.0402255
0.0401755
0.0401255
0.0400757
0.0400258
0.0399761
0.0399264
0.0398768
0.0398272
0.0397777
0.0397282
0.0396788
0.0396295
0.0395803
0.0395311
0.0394819
0.0394328
0.0393838
0.0393349
0.039286
0.0392371
0.0391883
0.0391396
0.039091
0.0390424
0.0389938
0.0389454
0.038897
0.0388486
0.0388003
0.0387521
0.0387039
0.0386558
0.0386077
0.0385598
0.0385118
0.0384639
0.0384161
0.0383684
0.0383207
0.038273
0.0382255
0.0381779
0.0381305
0.0380831
0.0380357
0.0379885
0.0379412
0.0378941
0.037847
0.0377999
0.0377529
0.037706
0.0376591
0.0376123
0.0375656
0.0375189
0.0374722
0.0374256
0.0373791
0.0373327
0.0372862
0.0372399
0.0371936
0.0371474
0.0371012
0.0370551
0.037009
0.036963
0.036917
0.0368712
0.0368253
0.0367795
0.0367338
0.0366882
0.0366426
0.036597
0.0365515
0.0365061
0.0364607
0.0364154
0.0363701
0.0363249
0.0362797
0.0362346
0.0361896
0.0361446
0.0360997
0.0360548
0.03601
0.0359652
0.0359205
0.0358759
0.0358313
0.0357867
0.0357422
0.0356978
0.0356534
0.0356091
0.0355648
0.0355206
0.0354765
0.0354324
0.0353883
0.0353443
0.0353004
0.0352565
0.0352127
0.0351689
0.0351252
0.0350815
0.0350379
0.0349944
0.0349509
0.0349074
0.034864
0.0348207
0.0347774
0.0347342
0.034691
0.0346479
0.0346048
0.0345618
0.0345188
0.0344759
0.034433
0.0343902
0.0343475
0.0343048
0.0342622
0.0342196
0.034177
0.0341345
0.0340921
0.0340497
0.0340074
0.0339651
0.0339229
0.0338807
0.0338386
0.0337966
0.0337545
0.0337126
0.0336707
0.0336288
0.033587
0.0335453
0.0335036
0.0334619
0.0334203
0.0333788
0.0333373
0.0332958
0.0332544
0.0332131
0.0331718
0.0331306
0.0330894
0.0330483
0.0330072
0.0329662
0.0329252
0.0328842
0.0328434
0.0328025
0.0327618
0.032721
0.0326804
0.0326397
0.0325992
0.0325586
0.0325182
0.0324777
0.0324374
0.032397
0.0323568
0.0323166
0.0322764
0.0322363
0.0321962
0.0321562
0.0321162
0.0320763
0.0320364
0.0319966
0.0319568
0.0319171
0.0318774
0.0318378
0.0317982
0.0317587
0.0317192
0.0316798
0.0316404
0.031601
0.0315618
0.0315225
0.0314833
0.0314442
0.0314051
0.0313661
0.0313271
0.0312881
0.0312492
0.0312104
0.0311716
0.0311329
0.0310942
0.0310555
0.0310169
0.0309783
0.0309398
0.0309014
0.030863
0.0308246
0.0307863
0.030748
0.0307098
0.0306716
0.0306335
0.0305954
0.0305574
0.0305194
0.0304814
0.0304435
0.0304057
0.0303679
0.0303302
0.0302925
0.0302548
0.0302172
0.0301796
0.0301421
0.0301046
0.0300672
0.0300298
0.0299925
0.0299552
0.029918
0.0298808
0.0298437
0.0298066
0.0297695
0.0297325
0.0296955
0.0296586
0.0296218
0.0295849
0.0295482
0.0295114
0.0294747
0.0294381
0.0294015
0.029365
0.0293285
0.029292
0.0292556
0.0292192
0.0291829
0.0291466
0.0291104
0.0290742
0.0290381
0.029002
0.0289659
0.0289299
0.0288939
0.028858
0.0288222
0.0287863
0.0287505
0.0287148
0.0286791
0.0286435
0.0286078
0.0285723
0.0285368
0.0285013
0.0284659
0.0284305
0.0283951
0.0283598
0.0283246
0.0282894
0.0282542
0.0282191
0.028184
0.028149
0.028114
0.028079
0.0280441
0.0280093
0.0279744
0.0279397
0.0279049
0.0278703
0.0278356
0.027801
0.0277664
0.0277319
0.0276975
0.027663
0.0276286
0.0275943
0.02756
0.0275257
0.0274915
0.0274573
0.0274232
0.0273891
0.0273551
0.0273211
0.0272871
0.0272532
0.0272193
0.0271855
0.0271517
0.0271179
0.0270842
0.0270505
0.0270169
0.0269833
0.0269498
0.0269163
0.0268828
0.0268494
0.026816
0.0267827
0.0267494
0.0267162
0.026683
0.0266498
0.0266167
0.0265836
0.0265505
0.0265175
0.0264846
0.0264516
0.0264187
0.0263859
0.0263531
0.0263204
0.0262876
0.026255
0.0262223
0.0261897
0.0261572
0.0261246
0.0260922
0.0260597
0.0260273
0.025995
0.0259627
0.0259304
0.0258982
0.025866
0.0258338
0.0258017
0.0257696
0.0257376
0.0257056
0.0256737
0.0256417
0.0256099
0.025578
0.0255462
0.0255145
0.0254828
0.0254511
0.0254194
0.0253878
0.0253563
0.0253248
0.0252933
0.0252618
0.0252304
0.0251991
0.0251678
0.0251365
0.0251052
0.025074
0.0250428
0.0250117
0.0249806
0.0249496
0.0249186
0.0248876
0.0248566
0.0248257
0.0247949
0.0247641
0.0247333
0.0247025
0.0246718
0.0246412
0.0246105
0.0245799
0.0245494
0.0245189
0.0244884
0.0244579
0.0244275
0.0243972
0.0243668
0.0243365
0.0243063
0.0242761
0.0242459
0.0242158
0.0241857
0.0241556
0.0241256
0.0240956
0.0240656
0.0240357
0.0240058
0.023976
0.0239462
0.0239164
0.0238867
0.023857
0.0238273
0.0237977
0.0237681
0.0237386
0.0237091
0.0236796
0.0236502
0.0236208
0.0235914
0.0235621
0.0235328
0.0235035
0.0234743
0.0234451
0.023416
0.0233869
0.0233578
0.0233288
0.0232998
0.0232708
0.0232419
0.023213
0.0231842
0.0231553
0.0231265
0.0230978
0.0230691
0.0230404
0.0230118
0.0229832
0.0229546
0.0229261
0.0228976
0.0228691
0.0228407
0.0228123
0.0227839
0.0227556
0.0227273
0.0226991
0.0226708
0.0226427
0.0226145
0.0225864
0.0225583
0.0225303
0.0225023
0.0224743
0.0224464
0.0224185
0.0223906
0.0223628
0.022335
0.0223072
0.0222795
0.0222518
0.0222241
0.0221965
0.0221689
0.0221413
0.0221138
0.0220863
0.0220589
0.0220314
0.0220041
0.0219767
0.0219494
0.0219221
0.0218949
0.0218676
0.0218405
0.0218133
0.0217862
0.0217591
0.0217321
0.021705
0.0216781
0.0216511
0.0216242
0.0215973
0.0215705
0.0215437
0.0215169
0.0214901
0.0214634
0.0214367
0.0214101
0.0213835
0.0213569
0.0213303
0.0213038
0.0212773
0.0212509
0.0212245
0.0211981
0.0211717
0.0211454
0.0211191
0.0210929
0.0210667
0.0210405
0.0210143
0.0209882
0.0209621
0.0209361
0.02091
0.020884
0.0208581
0.0208321
0.0208062
0.0207804
0.0207546
0.0207288
0.020703
0.0206773
0.0206515
0.0206259
0.0206002
0.0205746
0.0205491
0.0205235
0.020498
0.0204725
0.0204471
0.0204216
0.0203963
0.0203709
0.0203456
0.0203203
0.020295
0.0202698
0.0202446
0.0202194
0.0201943
0.0201692
0.0201441
0.0201191
0.0200941
0.0200691
0.0200442
0.0200192
0.0199944
0.0199695
0.0199447
0.0199199
0.0198951
0.0198704
0.0198457
0.019821
0.0197964
0.0197718
0.0197472
0.0197226
0.0196981
0.0196736
0.0196492
0.0196248
0.0196004
0.019576
0.0195517
0.0195274
0.0195031
0.0194788
0.0194546
0.0194304
0.0194063
0.0193822
0.0193581
0.019334
0.01931
0.019286
0.019262
0.0192381
0.0192141
0.0191903
0.0191664
0.0191426
0.0191188
0.019095
0.0190713
0.0190476
0.0190239
0.0190002
0.0189766
0.018953
0.0189295
0.0189059
0.0188824
0.018859
0.0188355
0.0188121
0.0187887
0.0187654
0.018742
0.0187188
0.0186955
0.0186722
0.018649
0.0186258
0.0186027
0.0185796
0.0185565
0.0185334
0.0185104
0.0184874
0.0184644
0.0184414
0.0184185
0.0183956
0.0183727
0.0183499
0.0183271
0.0183043
0.0182816
0.0182588
0.0182361
0.0182135
0.0181908
0.0181682
0.0181456
0.0181231
0.0181005
0.018078
0.0180556
0.0180331
0.0180107
0.0179883
0.017966
0.0179436
0.0179213
0.017899
0.0178768
0.0178546
0.0178324
0.0178102
0.0177881
0.017766
0.0177439
0.0177218
0.0176998
0.0176778
0.0176558
0.0176339
0.0176119
0.01759
0.0175682
0.0175463
0.0175245
0.0175027
0.017481
0.0174593
0.0174376
0.0174159
0.0173942
0.0173726
0.017351
0.0173294
0.0173079
0.0172864
0.0172649
0.0172434
0.017222
0.0172006
0.0171792
0.0171579
0.0171365
0.0171152
0.0170939
0.0170727
0.0170515
0.0170303
0.0170091
0.016988
0.0169668
0.0169458
0.0169247
0.0169037
0.0168826
0.0168617
0.0168407
0.0168198
0.0167988
0.016778
0.0167571
0.0167363
0.0167155
0.0166947
0.0166739
0.0166532
0.0166325
0.0166118
0.0165912
0.0165706
0.01655
0.0165294
0.0165088
0.0164883
0.0164678
0.0164474
0.0164269
0.0164065
0.0163861
0.0163657
0.0163454
0.0163251
0.0163048
0.0162845
0.0162643
0.016244
0.0162239
0.0162037
0.0161835
0.0161634
0.0161433
0.0161233
0.0161032
0.0160832
0.0160632
0.0160432
0.0160233
0.0160034
0.0159835
0.0159636
0.0159438
0.015924
0.0159042
0.0158844
0.0158646
0.0158449
0.0158252
0.0158056
0.0157859
0.0157663
0.0157467
0.0157271
0.0157076
0.015688
0.0156685
0.0156491
0.0156296
0.0156102
0.0155908
0.0155714
0.015552
0.0155327
0.0155134
0.0154941
0.0154748
0.0154556
0.0154364
0.0154172
0.015398
0.0153789
0.0153598
0.0153407
0.0153216
0.0153026
0.0152836
0.0152646
0.0152456
0.0152266
0.0152077
0.0151888
0.0151699
0.0151511
0.0151322
0.0151134
0.0150946
0.0150759
0.0150571
0.0150384
0.0150197
0.015001
0.0149824
0.0149638
0.0149452
0.0149266
0.014908
0.0148895
0.014871
0.0148525
0.014834
0.0148156
0.0147972
0.0147788
0.0147604
0.0147421
0.0147238
0.0147054
0.0146872
0.0146689
0.0146507
0.0146325
0.0146143
0.0145961
0.014578
0.0145598
0.0145417
0.0145237
0.0145056
0.0144876
0.0144696
0.0144516
0.0144336
0.0144157
0.0143978
0.0143799
0.014362
0.0143441
0.0143263
0.0143085
0.0142907
0.0142729
0.0142552
0.0142375
0.0142198
0.0142021
0.0141845
0.0141668
0.0141492
0.0141316
0.0141141
0.0140965
0.014079
0.0140615
0.014044
0.0140265
0.0140091
0.0139917
0.0139743
0.0139569
0.0139396
0.0139223
0.0139049
0.0138877
0.0138704
0.0138532
0.0138359
0.0138187
0.0138016
0.0137844
0.0137673
0.0137502
0.0137331
0.013716
0.0136989
0.0136819
0.0136649
0.0136479
0.013631
0.013614
0.0135971
0.0135802
0.0135633
0.0135464
0.0135296
0.0135128
0.013496
0.0134792
0.0134625
0.0134457
0.013429
0.0134123
0.0133956
0.013379
0.0133624
0.0133457
0.0133292
0.0133126
0.013296
0.0132795
0.013263
0.0132465
0.01323
0.0132136
0.0131972
0.0131808
0.0131644
0.013148
0.0131317
0.0131154
0.0130991
0.0130828
0.0130665
0.0130503
0.013034
0.0130178
0.0130017
0.0129855
0.0129694
0.0129532
0.0129371
0.012921
0.012905
0.0128889
0.0128729
0.0128569
0.0128409
0.012825
0.012809
0.0127931
0.0127772
0.0127613
0.0127455
0.0127296
0.0127138
0.012698
0.0126822
0.0126664
0.0126507
0.012635
0.0126193
0.0126036
0.0125879
0.0125723
0.0125566
0.012541
0.0125254
0.0125099
0.0124943
0.0124788
0.0124633
0.0124478
0.0124323
0.0124168
0.0124014
0.012386
0.0123706
0.0123552
0.0123399
0.0123245
0.0123092
0.0122939
0.0122786
0.0122634
0.0122481
0.0122329
0.0122177
0.0122025
0.0121873
0.0121722
0.012157
0.0121419
0.0121268
0.0121118
0.0120967
0.0120817
0.0120667
0.0120517
0.0120367
0.0120217
0.0120068
0.0119918
0.0119769
0.011962
0.0119472
0.0119323
0.0119175
0.0119027
0.0118879
0.0118731
0.0118583
0.0118436
0.0118289
0.0118142
0.0117995
0.0117848
0.0117702
0.0117555
0.0117409
0.0117263
0.0117118
0.0116972
0.0116827
0.0116681
0.0116536
0.0116391
0.0116247
0.0116102
0.0115958
0.0115814
0.011567
0.0115526
0.0115382
0.0115239
0.0115096
0.0114953
0.011481
0.0114667
0.0114524
0.0114382
0.011424
0.0114098
0.0113956
0.0113814
0.0113673
0.0113532
0.0113391
0.011325
0.0113109
0.0112968
0.0112828
0.0112688
0.0112547
0.0112408
0.0112268
0.0112128
0.0111989
0.011185
0.0111711
0.0111572
0.0111433
0.0111295
0.0111156
0.0111018
0.011088
0.0110742
0.0110605
0.0110467
0.011033
0.0110193
0.0110056
0.0109919
0.0109782
0.0109646
0.0109509
0.0109373
0.0109237
0.0109101
0.0108966
0.010883
0.0108695
0.010856
0.0108425
0.010829
0.0108156
0.0108021
0.0107887
0.0107753
0.0107619
0.0107485
0.0107351
0.0107218
0.0107085
0.0106952
0.0106819
0.0106686
0.0106553
0.0106421
0.0106289
0.0106156
0.0106024
0.0105893
0.0105761
0.010563
0.0105498
0.0105367
0.0105236
0.0105105
0.0104975
0.0104844
0.0104714
0.0104584
0.0104454
0.0104324
0.0104194
0.0104065
0.0103935
0.0103806
0.0103677
0.0103548
0.0103419
0.0103291
0.0103162
0.0103034
0.0102906
0.0102778
0.010265
0.0102523
0.0102395
0.0102268
0.0102141
0.0102014
0.0101887
0.0101761
0.0101634
0.0101508
0.0101382
0.0101256
0.010113
0.0101004
0.0100878
0.0100753
0.0100628
0.0100503
0.0100378
0.0100253
0.0100128
0.0100004
0.00998796
0.00997554
0.00996314
0.00995075
0.00993838
0.00992603
0.00991369
0.00990137
0.00988906
0.00987677
0.00986449
0.00985223
0.00983998
0.00982775
0.00981553
0.00980333
0.00979114
0.00977897
0.00976682
0.00975468
0.00974255
0.00973044
0.00971834
0.00970626
0.0096942
0.00968215
0.00967011
0.00965809
0.00964608
0.00963409
0.00962212
0.00961016
0.00959821
0.00958628
0.00957436
0.00956246
0.00955057
0.0095387
0.00952684
0.009515
0.00950317
0.00949136
0.00947956
0.00946778
0.00945601
0.00944425
0.00943251
0.00942079
0.00940908
0.00939738
0.0093857
0.00937403
0.00936238
0.00935074
0.00933912
0.00932751
0.00931591
0.00930433
0.00929277
0.00928122
0.00926968
0.00925816
0.00924665
0.00923515
0.00922367
0.00921221
0.00920076
0.00918932
0.0091779
0.00916649
0.00915509
0.00914371
0.00913234
0.00912099
0.00910965
0.00909833
0.00908702
0.00907572
0.00906444
0.00905318
0.00904192
0.00903068
0.00901946
0.00900824
0.00899705
0.00898586
0.00897469
0.00896354
0.00895239
0.00894126
0.00893015
0.00891905
0.00890796
0.00889689
0.00888583
0.00887478
0.00886375
0.00885273
0.00884173
0.00883074
0.00881976
0.0088088
0.00879785
0.00878691
0.00877599
0.00876508
0.00875418
0.0087433
0.00873243
0.00872158
0.00871073
0.00869991
0.00868909
0.00867829
0.0086675
0.00865673
0.00864597
0.00863522
0.00862449
0.00861376
0.00860306
0.00859236
0.00858168
0.00857101
0.00856036
0.00854972
0.00853909
0.00852848
0.00851787
0.00850729
0.00849671
0.00848615
0.0084756
0.00846506
0.00845454
0.00844403
0.00843353
0.00842305
0.00841258
0.00840212
0.00839168
0.00838125
0.00837083
0.00836042
0.00835003
0.00833965
0.00832928
0.00831893
0.00830859
0.00829826
0.00828794
0.00827764
0.00826735
0.00825708
0.00824681
0.00823656
0.00822632
0.0082161
0.00820588
0.00819568
0.00818549
0.00817532
0.00816516
0.00815501
0.00814487
0.00813474
0.00812463
0.00811453
0.00810445
0.00809437
0.00808431
0.00807426
0.00806422
0.0080542
0.00804419
0.00803419
0.0080242
0.00801422
0.00800426
0.00799431
0.00798437
0.00797445
0.00796454
0.00795464
0.00794475
0.00793487
0.00792501
0.00791516
0.00790532
0.00789549
0.00788568
0.00787587
0.00786608
0.0078563
0.00784654
0.00783679
0.00782704
0.00781731
0.0078076
0.00779789
0.0077882
0.00777852
0.00776885
0.00775919
0.00774954
0.00773991
0.00773029
0.00772068
0.00771108
0.0077015
0.00769192
0.00768236
0.00767281
0.00766327
0.00765375
0.00764423
0.00763473
0.00762524
0.00761576
0.0076063
0.00759684
0.0075874
0.00757796
0.00756854
0.00755914
0.00754974
0.00754035
0.00753098
0.00752162
0.00751227
0.00750293
0.00749361
0.00748429
0.00747499
0.00746569
0.00745641
0.00744714
0.00743789
0.00742864
0.00741941
0.00741018
0.00740097
0.00739177
0.00738258
0.00737341
0.00736424
0.00735509
0.00734594
0.00733681
0.00732769
0.00731858
0.00730949
0.0073004
0.00729132
0.00728226
0.00727321
0.00726417
0.00725514
0.00724612
0.00723711
0.00722811
0.00721913
0.00721016
0.00720119
0.00719224
0.0071833
0.00717437
0.00716545
0.00715655
0.00714765
0.00713876
0.00712989
0.00712103
0.00711218
0.00710333
0.0070945
0.00708569
0.00707688
0.00706808
0.00705929
0.00705052
0.00704175
0.007033
0.00702426
0.00701553
0.00700681
0.0069981
0.0069894
0.00698071
0.00697203
0.00696336
0.00695471
0.00694606
0.00693743
0.0069288
0.00692019
0.00691159
0.006903
0.00689442
0.00688585
0.00687729
0.00686874
0.0068602
0.00685167
0.00684315
0.00683465
0.00682615
0.00681767
0.00680919
0.00680073
0.00679227
0.00678383
0.0067754
0.00676697
0.00675856
0.00675016
0.00674177
0.00673339
0.00672502
0.00671666
0.00670831
0.00669997
0.00669164
0.00668332
0.00667502
0.00666672
0.00665843
0.00665016
0.00664189
0.00663363
0.00662539
0.00661715
0.00660892
0.00660071
0.0065925
0.00658431
0.00657612
0.00656795
0.00655978
0.00655163
0.00654349
0.00653535
0.00652723
0.00651911
0.00651101
0.00650292
0.00649483
0.00648676
0.0064787
0.00647064
0.0064626
0.00645457
0.00644654
0.00643853
0.00643052
0.00642253
0.00641455
0.00640657
0.00639861
0.00639066
0.00638271
0.00637478
0.00636685
0.00635894
0.00635103
0.00634314
0.00633525
0.00632738
0.00631951
0.00631166
0.00630381
0.00629598
0.00628815
0.00628033
0.00627253
0.00626473
0.00625694
0.00624916
0.0062414
0.00623364
0.00622589
0.00621815
0.00621042
0.0062027
0.00619499
0.00618729
0.0061796
0.00617191
0.00616424
0.00615658
0.00614893
0.00614128
0.00613365
0.00612602
0.00611841
0.0061108
0.00610321
0.00609562
0.00608804
0.00608048
0.00607292
0.00606537
0.00605783
0.0060503
0.00604278
0.00603526
0.00602776
0.00602027
0.00601279
0.00600531
0.00599785
0.00599039
0.00598294
0.00597551
0.00596808
0.00596066
0.00595325
0.00594585
0.00593846
0.00593108
0.0059237
0.00591634
0.00590899
0.00590164
0.0058943
0.00588698
0.00587966
0.00587235
0.00586505
0.00585776
0.00585048
0.00584321
0.00583594
0.00582869
0.00582144
0.00581421
0.00580698
0.00579976
0.00579255
0.00578535
0.00577816
0.00577097
0.0057638
0.00575664
0.00574948
0.00574233
0.0057352
0.00572807
0.00572095
0.00571383
0.00570673
0.00569964
0.00569255
0.00568548
0.00567841
0.00567135
0.0056643
0.00565726
0.00565023
0.0056432
0.00563619
0.00562918
0.00562218
0.00561519
0.00560821
0.00560124
0.00559428
0.00558733
0.00558038
0.00557344
0.00556652
0.0055596
0.00555269
0.00554578
0.00553889
0.005532
0.00552513
0.00551826
0.0055114
0.00550455
0.00549771
0.00549087
0.00548405
0.00547723
0.00547042
0.00546362
0.00545683
0.00545004
0.00544327
0.0054365
0.00542975
0.005423
0.00541625
0.00540952
0.0054028
0.00539608
0.00538937
0.00538267
0.00537598
0.0053693
0.00536263
0.00535596
0.0053493
0.00534265
0.00533601
0.00532938
0.00532275
0.00531614
0.00530953
0.00530293
0.00529634
0.00528975
0.00528318
0.00527661
0.00527005
0.0052635
0.00525696
0.00525042
0.00524389
0.00523738
0.00523087
0.00522436
0.00521787
0.00521138
0.0052049
0.00519843
0.00519197
0.00518552
0.00517907
0.00517263
0.0051662
0.00515978
0.00515337
0.00514696
0.00514056
0.00513417
0.00512779
0.00512142
0.00511505
0.00510869
0.00510234
0.005096
0.00508966
0.00508334
0.00507702
0.00507071
0.0050644
0.00505811
0.00505182
0.00504554
0.00503927
0.00503301
0.00502675
0.0050205
0.00501426
0.00500803
0.0050018
0.00499558
0.00498937
0.00498317
0.00497698
0.00497079
0.00496461
0.00495844
0.00495228
0.00494612
0.00493997
0.00493383
0.0049277
0.00492157
0.00491545
0.00490934
0.00490324
0.00489715
0.00489106
0.00488498
0.00487891
0.00487284
0.00486678
0.00486073
0.00485469
0.00484866
0.00484263
0.00483661
0.0048306
0.00482459
0.0048186
0.00481261
0.00480662
0.00480065
0.00479468
0.00478872
0.00478277
0.00477682
0.00477088
0.00476495
0.00475903
0.00475311
0.00474721
0.0047413
0.00473541
0.00472952
0.00472365
0.00471777
0.00471191
0.00470605
0.0047002
0.00469436
0.00468852
0.0046827
0.00467687
0.00467106
0.00466525
0.00465945
0.00465366
0.00464788
0.0046421
0.00463633
0.00463057
0.00462481
0.00461906
0.00461332
0.00460758
0.00460186
0.00459614
0.00459042
0.00458472
0.00457902
0.00457333
0.00456764
0.00456196
0.00455629
0.00455063
0.00454497
0.00453932
0.00453368
0.00452804
0.00452241
0.00451679
0.00451118
0.00450557
0.00449997
0.00449438
0.00448879
0.00448321
0.00447764
0.00447207
0.00446651
0.00446096
0.00445541
0.00444987
0.00444434
0.00443882
0.0044333
0.00442779
0.00442229
0.00441679
0.0044113
0.00440581
0.00440034
0.00439487
0.0043894
0.00438395
0.0043785
0.00437306
0.00436762
0.00436219
0.00435677
0.00435135
0.00434594
0.00434054
0.00433515
0.00432976
0.00432437
0.004319
0.00431363
0.00430827
0.00430291
0.00429756
0.00429222
0.00428689
0.00428156
0.00427623
0.00427092
0.00426561
0.00426031
0.00425501
0.00424972
0.00424444
0.00423916
0.00423389
0.00422863
0.00422337
0.00421812
0.00421288
0.00420764
0.00420241
0.00419719
0.00419197
0.00418676
0.00418156
0.00417636
0.00417117
0.00416598
0.0041608
0.00415563
0.00415046
0.00414531
0.00414015
0.00413501
0.00412987
0.00412473
0.0041196
0.00411448
0.00410937
0.00410426
0.00409916
0.00409406
0.00408897
0.00408389
0.00407881
0.00407374
0.00406868
0.00406362
0.00405857
0.00405353
0.00404849
0.00404345
0.00403843
0.00403341
0.00402839
0.00402339
0.00401839
0.00401339
0.0040084
0.00400342
0.00399844
0.00399347
0.00398851
0.00398355
0.0039786
0.00397365
0.00396871
0.00396378
0.00395885
0.00395393
0.00394901
0.00394411
0.0039392
0.00393431
0.00392942
0.00392453
0.00391965
0.00391478
0.00390991
0.00390505
0.0039002
0.00389535
0.00389051
0.00388567
0.00388084
0.00387602
0.0038712
0.00386639
0.00386158
0.00385678
0.00385199
0.0038472
0.00384242
0.00383764
0.00383287
0.0038281
0.00382335
0.00381859
0.00381385
0.00380911
0.00380437
0.00379964
0.00379492
0.0037902
0.00378549
0.00378078
0.00377608
0.00377139
0.0037667
0.00376202
0.00375734
0.00375267
0.00374801
0.00374335
0.0037387
0.00373405
0.00372941
0.00372477
0.00372014
0.00371552
0.0037109
0.00370628
0.00370168
0.00369708
0.00369248
0.00368789
0.0036833
0.00367873
0.00367415
0.00366959
0.00366502
0.00366047
0.00365592
0.00365137
0.00364683
0.0036423
0.00363777
0.00363325
0.00362874
0.00362422
0.00361972
0.00361522
0.00361073
0.00360624
0.00360175
0.00359728
0.00359281
0.00358834
0.00358388
0.00357942
0.00357497
0.00357053
0.00356609
0.00356166
0.00355723
0.00355281
0.00354839
0.00354398
0.00353958
0.00353518
0.00353078
0.00352639
0.00352201
0.00351763
0.00351326
0.00350889
0.00350453
0.00350017
0.00349582
0.00349148
0.00348714
0.0034828
0.00347847
0.00347415
0.00346983
0.00346552
0.00346121
0.00345691
0.00345261
0.00344832
0.00344403
0.00343975
0.00343547
0.0034312
0.00342694
0.00342268
0.00341842
0.00341417
0.00340993
0.00340569
0.00340146
0.00339723
0.00339301
0.00338879
0.00338458
0.00338037
0.00337617
0.00337197
0.00336778
0.00336359
0.00335941
0.00335523
0.00335106
0.0033469
0.00334274
0.00333858
0.00333443
0.00333029
0.00332615
0.00332201
0.00331788
0.00331376
0.00330964
0.00330552
0.00330142
0.00329731
0.00329321
0.00328912
0.00328503
0.00328095
0.00327687
0.0032728
0.00326873
0.00326466
0.00326061
0.00325655
0.0032525
0.00324846
0.00324442
0.00324039
0.00323636
0.00323234
0.00322832
0.00322431
0.0032203
0.0032163
0.0032123
0.00320831
0.00320432
0.00320033
0.00319636
0.00319238
0.00318841
0.00318445
0.00318049
0.00317654
0.00317259
0.00316865
0.00316471
0.00316077
0.00315684
0.00315292
0.003149
0.00314509
0.00314118
0.00313727
0.00313337
0.00312948
0.00312559
0.0031217
0.00311782
0.00311394
0.00311007
0.00310621
0.00310235
0.00309849
0.00309464
0.00309079
0.00308695
0.00308311
0.00307928
0.00307545
0.00307163
0.00306781
0.003064
0.00306019
0.00305638
0.00305259
0.00304879
0.003045
0.00304122
0.00303743
0.00303366
0.00302989
0.00302612
0.00302236
0.0030186
0.00301485
0.0030111
0.00300736
0.00300362
0.00299989
0.00299616
0.00299243
0.00298871
0.002985
0.00298129
0.00297758
0.00297388
0.00297018
0.00296649
0.0029628
0.00295912
0.00295544
0.00295177
0.0029481
0.00294444
0.00294078
0.00293712
0.00293347
0.00292982
0.00292618
0.00292254
0.00291891
0.00291528
0.00291166
0.00290804
0.00290442
0.00290081
0.00289721
0.00289361
0.00289001
0.00288642
0.00288283
0.00287924
0.00287566
0.00287209
0.00286852
0.00286495
0.00286139
0.00285784
0.00285428
0.00285074
0.00284719
0.00284365
0.00284012
0.00283659
0.00283306
0.00282954
0.00282602
0.00282251
0.002819
0.0028155
0.002812
0.0028085
0.00280501
0.00280152
0.00279804
0.00279456
0.00279109
0.00278762
0.00278415
0.00278069
0.00277724
0.00277378
0.00277034
0.00276689
0.00276345
0.00276002
0.00275659
0.00275316
0.00274974
0.00274632
0.0027429
0.0027395
0.00273609
0.00273269
0.00272929
0.0027259
0.00272251
0.00271913
0.00271575
0.00271237
0.002709
0.00270563
0.00270227
0.00269891
0.00269555
0.0026922
0.00268886
0.00268551
0.00268218
0.00267884
0.00267551
0.00267219
0.00266886
0.00266555
0.00266223
0.00265892
0.00265562
0.00265232
0.00264902
0.00264573
0.00264244
0.00263915
0.00263587
0.0026326
0.00262932
0.00262605
0.00262279
0.00261953
0.00261627
0.00261302
0.00260977
0.00260653
0.00260329
0.00260005
0.00259682
0.00259359
0.00259037
0.00258715
0.00258393
0.00258072
0.00257751
0.00257431
0.00257111
0.00256791
0.00256472
0.00256153
0.00255835
0.00255517
0.00255199
0.00254882
0.00254565
0.00254249
0.00253933
0.00253617
0.00253302
0.00252987
0.00252672
0.00252358
0.00252045
0.00251731
0.00251418
0.00251106
0.00250794
0.00250482
0.0025017
0.0024986
0.00249549
0.00249239
0.00248929
0.00248619
0.0024831
0.00248002
0.00247693
0.00247386
0.00247078
0.00246771
0.00246464
0.00246158
0.00245852
0.00245546
0.00245241
0.00244936
0.00244632
0.00244327
0.00244024
0.0024372
0.00243417
0.00243115
0.00242813
0.00242511
0.00242209
0.00241908
0.00241608
0.00241307
0.00241007
0.00240708
0.00240408
0.0024011
0.00239811
0.00239513
0.00239215
0.00238918
0.00238621
0.00238324
0.00238028
0.00237732
0.00237437
0.00237141
0.00236847
0.00236552
0.00236258
0.00235965
0.00235671
0.00235378
0.00235086
0.00234793
0.00234502
0.0023421
0.00233919
0.00233628
0.00233338
0.00233048
0.00232758
0.00232469
0.0023218
0.00231891
0.00231603
0.00231315
0.00231027
0.0023074
0.00230453
0.00230167
0.00229881
0.00229595
0.0022931
0.00229025
0.0022874
0.00228455
0.00228172
0.00227888
0.00227605
0.00227322
0.00227039
0.00226757
0.00226475
0.00226193
0.00225912
0.00225631
0.00225351
0.00225071
0.00224791
0.00224512
0.00224233
0.00223954
0.00223675
0.00223397
0.0022312
0.00222842
0.00222565
0.00222289
0.00222012
0.00221736
0.00221461
0.00221185
0.0022091
0.00220636
0.00220362
0.00220088
0.00219814
0.00219541
0.00219268
0.00218995
0.00218723
0.00218451
0.0021818
0.00217908
0.00217638
0.00217367
0.00217097
0.00216827
0.00216557
0.00216288
0.00216019
0.00215751
0.00215483
0.00215215
0.00214947
0.0021468
0.00214413
0.00214147
0.0021388
0.00213615
0.00213349
0.00213084
0.00212819
0.00212554
0.0021229
0.00212026
0.00211763
0.00211499
0.00211237
0.00210974
0.00210712
0.0021045
0.00210188
0.00209927
0.00209666
0.00209405
0.00209145
0.00208885
0.00208625
0.00208366
0.00208107
0.00207848
0.0020759
0.00207332
0.00207074
0.00206817
0.0020656
0.00206303
0.00206046
0.0020579
0.00205535
0.00205279
0.00205024
0.00204769
0.00204514
0.0020426
0.00204006
0.00203753
0.00203499
0.00203246
0.00202994
0.00202741
0.00202489
0.00202238
0.00201986
0.00201735
0.00201484
0.00201234
0.00200984
0.00200734
0.00200485
0.00200235
0.00199986
0.00199738
0.00199489
0.00199242
0.00198994
0.00198746
0.00198499
0.00198253
0.00198006
0.0019776
0.00197514
0.00197269
0.00197024
0.00196779
0.00196534
0.0019629
0.00196046
0.00195802
0.00195559
0.00195315
0.00195073
0.0019483
0.00194588
0.00194346
0.00194105
0.00193863
0.00193622
0.00193382
0.00193141
0.00192901
0.00192661
0.00192422
0.00192183
0.00191944
0.00191705
0.00191467
0.00191229
0.00190991
0.00190754
0.00190517
0.0019028
0.00190043
0.00189807
0.00189571
0.00189335
0.001891
0.00188865
0.0018863
0.00188396
0.00188161
0.00187928
0.00187694
0.00187461
0.00187228
0.00186995
0.00186762
0.0018653
0.00186298
0.00186067
0.00185836
0.00185605
0.00185374
0.00185143
0.00184913
0.00184683
0.00184454
0.00184224
0.00183995
0.00183767
0.00183538
0.0018331
0.00183082
0.00182855
0.00182627
0.001824
0.00182174
0.00181947
0.00181721
0.00181495
0.0018127
0.00181044
0.00180819
0.00180594
0.0018037
0.00180146
0.00179922
0.00179698
0.00179475
0.00179252
0.00179029
0.00178806
0.00178584
0.00178362
0.0017814
0.00177919
0.00177698
0.00177477
0.00177256
0.00177036
0.00176816
0.00176596
0.00176376
0.00176157
0.00175938
0.00175719
0.00175501
0.00175283
0.00175065
0.00174847
0.0017463
0.00174413
0.00174196
0.0017398
0.00173763
0.00173547
0.00173332
0.00173116
0.00172901
0.00172686
0.00172471
0.00172257
0.00172043
0.00171829
0.00171615
0.00171402
0.00171189
0.00170976
0.00170764
0.00170551
0.00170339
0.00170128
0.00169916
0.00169705
0.00169494
0.00169283
0.00169073
0.00168863
0.00168653
0.00168443
0.00168234
0.00168025
0.00167816
0.00167607
0.00167399
0.00167191
0.00166983
0.00166775
0.00166568
0.00166361
0.00166154
0.00165947
0.00165741
0.00165535
0.00165329
0.00165124
0.00164919
0.00164714
0.00164509
0.00164304
0.001641
0.00163896
0.00163692
0.00163489
0.00163286
0.00163083
0.0016288
0.00162678
0.00162475
0.00162273
0.00162072
0.0016187
0.00161669
0.00161468
0.00161267
0.00161067
0.00160867
0.00160667
0.00160467
0.00160267
0.00160068
0.00159869
0.0015967
0.00159472
0.00159274
0.00159076
0.00158878
0.00158681
0.00158483
0.00158286
0.00158089
0.00157893
0.00157697
0.00157501
0.00157305
0.00157109
0.00156914
0.00156719
0.00156524
0.0015633
0.00156135
0.00155941
0.00155747
0.00155554
0.0015536
0.00155167
0.00154974
0.00154782
0.00154589
0.00154397
0.00154205
0.00154014
0.00153822
0.00153631
0.0015344
0.00153249
0.00153059
0.00152868
0.00152678
0.00152489
0.00152299
0.0015211
0.00151921
0.00151732
0.00151543
0.00151355
0.00151167
0.00150979
0.00150791
0.00150604
0.00150416
0.00150229
0.00150043
0.00149856
0.0014967
0.00149484
0.00149298
0.00149112
0.00148927
0.00148742
0.00148557
0.00148372
0.00148188
0.00148004
0.0014782
0.00147636
0.00147452
0.00147269
0.00147086
0.00146903
0.00146721
0.00146538
0.00146356
0.00146174
0.00145992
0.00145811
0.0014563
0.00145449
0.00145268
0.00145087
0.00144907
0.00144727
0.00144547
0.00144367
0.00144188
0.00144009
0.00143829
0.00143651
0.00143472
0.00143294
0.00143116
0.00142938
0.0014276
0.00142583
0.00142405
0.00142228
0.00142052
0.00141875
0.00141699
0.00141522
0.00141347
0.00141171
0.00140995
0.0014082
0.00140645
0.0014047
0.00140296
0.00140121
0.00139947
0.00139773
0.00139599
0.00139426
0.00139252
0.00139079
0.00138906
0.00138734
0.00138561
0.00138389
0.00138217
0.00138045
0.00137874
0.00137702
0.00137531
0.0013736
0.00137189
0.00137019
0.00136848
0.00136678
0.00136508
0.00136339
0.00136169
0.00136
0.00135831
0.00135662
0.00135493
0.00135325
0.00135157
0.00134989
0.00134821
0.00134653
0.00134486
0.00134319
0.00134152
0.00133985
0.00133819
0.00133652
0.00133486
0.0013332
0.00133154
0.00132989
0.00132824
0.00132658
0.00132494
0.00132329
0.00132164
0.00132
0.00131836
0.00131672
0.00131508
0.00131345
0.00131182
0.00131019
0.00130856
0.00130693
0.00130531
0.00130368
0.00130206
0.00130044
0.00129883
0.00129721
0.0012956
0.00129399
0.00129238
0.00129078
0.00128917
0.00128757
0.00128597
0.00128437
0.00128277
0.00128118
0.00127959
0.00127799
0.00127641
0.00127482
0.00127323
0.00127165
0.00127007
0.00126849
0.00126692
0.00126534
0.00126377
0.0012622
0.00126063
0.00125906
0.0012575
0.00125593
0.00125437
0.00125281
0.00125125
0.0012497
0.00124815
0.00124659
0.00124504
0.0012435
0.00124195
0.00124041
0.00123887
0.00123733
0.00123579
0.00123425
0.00123272
0.00123118
0.00122965
0.00122813
0.0012266
0.00122507
0.00122355
0.00122203
0.00122051
0.00121899
0.00121748
0.00121597
0.00121445
0.00121294
0.00121144
0.00120993
0.00120843
0.00120692
0.00120542
0.00120393
0.00120243
0.00120093
0.00119944
0.00119795
0.00119646
0.00119497
0.00119349
0.001192
0.00119052
0.00118904
0.00118757
0.00118609
0.00118461
0.00118314
0.00118167
0.0011802
0.00117874
0.00117727
0.00117581
0.00117434
0.00117289
0.00117143
0.00116997
0.00116852
0.00116706
0.00116561
0.00116416
0.00116272
0.00116127
0.00115983
0.00115839
0.00115695
0.00115551
0.00115407
0.00115264
0.0011512
0.00114977
0.00114834
0.00114692
0.00114549
0.00114407
0.00114264
0.00114122
0.00113981
0.00113839
0.00113697
0.00113556
0.00113415
0.00113274
0.00113133
0.00112992
0.00112852
0.00112712
0.00112572
0.00112432
0.00112292
0.00112152
0.00112013
0.00111874
0.00111735
0.00111596
0.00111457
0.00111318
0.0011118
0.00111042
0.00110904
0.00110766
0.00110628
0.00110491
0.00110353
0.00110216
0.00110079
0.00109942
0.00109806
0.00109669
0.00109533
0.00109397
0.00109261
0.00109125
0.00108989
0.00108854
0.00108718
0.00108583
0.00108448
0.00108314
0.00108179
0.00108044
0.0010791
0.00107776
0.00107642
0.00107508
0.00107375
0.00107241
0.00107108
0.00106975
0.00106842
0.00106709
0.00106576
0.00106444
0.00106311
0.00106179
0.00106047
0.00105915
0.00105784
0.00105652
0.00105521
0.0010539
0.00105259
0.00105128
0.00104997
0.00104867
0.00104736
0.00104606
0.00104476
0.00104346
0.00104217
0.00104087
0.00103958
0.00103828
0.00103699
0.0010357
0.00103442
0.00103313
0.00103185
0.00103056
0.00102928
0.001028
0.00102673
0.00102545
0.00102417
0.0010229
0.00102163
0.00102036
0.00101909
0.00101782
0.00101656
0.0010153
0.00101403
0.00101277
0.00101151
0.00101026
0.001009
0.00100775
0.00100649
0.00100524
0.00100399
0.00100274
0.0010015
0.00100025
0.00099901
0.000997768
0.000996528
0.000995289
0.000994052
0.000992816
0.000991582
0.00099035
0.000989118
0.000987889
0.000986661
0.000985434
0.000984209
0.000982986
0.000981764
0.000980544
0.000979325
0.000978107
0.000976891
0.000975677
0.000974464
0.000973253
0.000972043
0.000970835
0.000969628
0.000968423
0.000967219
0.000966016
0.000964816
0.000963616
0.000962418
0.000961222
0.000960027
0.000958834
0.000957642
0.000956452
0.000955263
0.000954075
0.000952889
0.000951705
0.000950522
0.00094934
0.00094816
0.000946981
0.000945804
0.000944628
0.000943454
0.000942281
0.00094111
0.00093994
0.000938772
0.000937605
0.000936439
0.000935275
0.000934113
0.000932951
0.000931792
0.000930633
0.000929476
0.000928321
0.000927167
0.000926015
0.000924863
0.000923714
0.000922566
0.000921419
0.000920273
0.000919129
0.000917987
0.000916846
0.000915706
0.000914568
0.000913431
0.000912295
0.000911161
0.000910029
0.000908897
0.000907768
0.000906639
0.000905512
0.000904386
0.000903262
0.000902139
0.000901018
0.000899898
0.000898779
0.000897662
0.000896546
0.000895432
0.000894319
0.000893207
0.000892097
0.000890988
0.00088988
0.000888774
0.000887669
0.000886566
0.000885464
0.000884363
0.000883263
0.000882166
0.000881069
0.000879974
0.00087888
0.000877787
0.000876696
0.000875606
0.000874518
0.000873431
0.000872345
0.000871261
0.000870178
0.000869096
0.000868016
0.000866937
0.000865859
0.000864783
0.000863708
0.000862634
0.000861562
0.000860491
0.000859421
0.000858353
0.000857286
0.00085622
0.000855156
0.000854093
0.000853031
0.00085197
0.000850911
0.000849854
0.000848797
0.000847742
0.000846688
0.000845636
0.000844585
0.000843535
0.000842486
0.000841439
0.000840393
0.000839348
0.000838305
0.000837263
0.000836222
0.000835182
0.000834144
0.000833107
0.000832072
0.000831037
0.000830004
0.000828973
0.000827942
0.000826913
0.000825885
0.000824858
0.000823833
0.000822809
0.000821786
0.000820765
0.000819744
0.000818725
0.000817708
0.000816691
0.000815676
0.000814662
0.000813649
0.000812638
0.000811628
0.000810619
0.000809611
0.000808605
0.000807599
0.000806596
0.000805593
0.000804591
0.000803591
0.000802592
0.000801595
0.000800598
0.000799603
0.000798609
0.000797616
0.000796625
0.000795635
0.000794646
0.000793658
0.000792671
0.000791686
0.000790702
0.000789719
0.000788737
0.000787757
0.000786777
0.000785799
0.000784823
0.000783847
0.000782873
0.000781899
0.000780927
0.000779957
0.000778987
0.000778019
0.000777052
0.000776086
0.000775121
0.000774157
0.000773195
0.000772234
0.000771274
0.000770315
0.000769358
0.000768401
0.000767446
0.000766492
0.000765539
0.000764588
0.000763637
0.000762688
0.00076174
0.000760793
0.000759847
0.000758903
0.000757959
0.000757017
0.000756076
0.000755136
0.000754198
0.00075326
0.000752324
0.000751388
0.000750454
0.000749522
0.00074859
0.000747659
0.00074673
0.000745802
0.000744875
0.000743949
0.000743024
0.0007421
0.000741178
0.000740256
0.000739336
0.000738417
0.000737499
0.000736582
0.000735667
0.000734752
0.000733839
0.000732927
0.000732016
0.000731106
0.000730197
0.000729289
0.000728383
0.000727477
0.000726573
0.00072567
0.000724768
0.000723867
0.000722967
0.000722068
0.000721171
0.000720274
0.000719379
0.000718484
0.000717591
0.000716699
0.000715808
0.000714919
0.00071403
0.000713142
0.000712256
0.00071137
0.000710486
0.000709603
0.000708721
0.00070784
0.00070696
0.000706081
0.000705203
0.000704327
0.000703451
0.000702577
0.000701703
0.000700831
0.00069996
0.00069909
0.000698221
0.000697353
0.000696486
0.00069562
0.000694756
0.000693892
0.000693029
0.000692168
0.000691307
0.000690448
0.00068959
0.000688733
0.000687876
0.000687021
0.000686167
0.000685314
0.000684463
0.000683612
0.000682762
0.000681913
0.000681066
0.000680219
0.000679373
0.000678529
0.000677685
0.000676843
0.000676002
0.000675161
0.000674322
0.000673484
0.000672647
0.00067181
0.000670975
0.000670141
0.000669308
0.000668476
0.000667645
0.000666815
0.000665986
0.000665158
0.000664332
0.000663506
0.000662681
0.000661857
0.000661035
0.000660213
0.000659392
0.000658572
0.000657754
0.000656936
0.000656119
0.000655304
0.000654489
0.000653676
0.000652863
0.000652052
0.000651241
0.000650431
0.000649623
0.000648815
0.000648009
0.000647203
0.000646399
0.000645595
0.000644793
0.000643991
0.000643191
0.000642391
0.000641593
0.000640795
0.000639999
0.000639203
0.000638408
0.000637615
0.000636822
0.000636031
0.00063524
0.00063445
0.000633662
0.000632874
0.000632087
0.000631301
0.000630517
0.000629733
0.00062895
0.000628168
0.000627387
0.000626608
0.000625829
0.000625051
0.000624274
0.000623498
0.000622723
0.000621948
0.000621175
0.000620403
0.000619632
0.000618862
0.000618092
0.000617324
0.000616557
0.00061579
0.000615025
0.00061426
0.000613497
0.000612734
0.000611972
0.000611212
0.000610452
0.000609693
0.000608935
0.000608178
0.000607422
0.000606667
0.000605913
0.00060516
0.000604408
0.000603656
0.000602906
0.000602156
0.000601408
0.00060066
0.000599914
0.000599168
0.000598423
0.000597679
0.000596936
0.000596194
0.000595453
0.000594713
0.000593974
0.000593235
0.000592498
0.000591761
0.000591026
0.000590291
0.000589557
0.000588824
0.000588092
0.000587361
0.000586631
0.000585902
0.000585174
0.000584446
0.00058372
0.000582994
0.000582269
0.000581546
0.000580823
0.000580101
0.00057938
0.000578659
0.00057794
0.000577222
0.000576504
0.000575787
0.000575072
0.000574357
0.000573643
0.00057293
0.000572218
0.000571506
0.000570796
0.000570086
0.000569378
0.00056867
0.000567963
0.000567257
0.000566552
0.000565847
0.000565144
0.000564442
0.00056374
0.000563039
0.000562339
0.00056164
0.000560942
0.000560245
0.000559548
0.000558853
0.000558158
0.000557464
0.000556771
0.000556079
0.000555388
0.000554697
0.000554008
0.000553319
0.000552631
0.000551944
0.000551258
0.000550573
0.000549889
0.000549205
0.000548522
0.000547841
0.00054716
0.000546479
0.0005458
0.000545122
0.000544444
0.000543767
0.000543091
0.000542416
0.000541742
0.000541068
0.000540396
0.000539724
0.000539053
0.000538383
0.000537714
0.000537045
0.000536378
0.000535711
0.000535045
0.00053438
0.000533716
0.000533052
0.00053239
0.000531728
0.000531067
0.000530407
0.000529747
0.000529089
0.000528431
0.000527774
0.000527118
0.000526463
0.000525809
0.000525155
0.000524502
0.00052385
0.000523199
0.000522549
0.000521899
0.00052125
0.000520602
0.000519955
0.000519309
0.000518663
0.000518019
0.000517375
0.000516731
0.000516089
0.000515448
0.000514807
0.000514167
0.000513528
0.000512889
0.000512252
0.000511615
0.000510979
0.000510344
0.00050971
0.000509076
0.000508443
0.000507811
0.00050718
0.000506549
0.00050592
0.000505291
0.000504663
0.000504035
0.000503409
0.000502783
0.000502158
0.000501534
0.00050091
0.000500288
0.000499666
0.000499045
0.000498424
0.000497805
0.000497186
0.000496568
0.000495951
0.000495334
0.000494718
0.000494103
0.000493489
0.000492876
0.000492263
0.000491651
0.00049104
0.00049043
0.00048982
0.000489211
0.000488603
0.000487995
0.000487389
0.000486783
0.000486178
0.000485574
0.00048497
0.000484367
0.000483765
0.000483164
0.000482563
0.000481963
0.000481364
0.000480766
0.000480168
0.000479571
0.000478975
0.00047838
0.000477785
0.000477191
0.000476598
0.000476005
0.000475414
0.000474823
0.000474232
0.000473643
0.000473054
0.000472466
0.000471879
0.000471292
0.000470706
0.000470121
0.000469537
0.000468953
0.00046837
0.000467788
0.000467206
0.000466626
0.000466046
0.000465466
0.000464888
0.00046431
0.000463733
0.000463156
0.00046258
0.000462005
0.000461431
0.000460858
0.000460285
0.000459712
0.000459141
0.00045857
0.000458
0.000457431
0.000456862
0.000456294
0.000455727
0.000455161
0.000454595
0.00045403
0.000453465
0.000452902
0.000452339
0.000451776
0.000451215
0.000450654
0.000450094
0.000449534
0.000448975
0.000448417
0.00044786
0.000447303
0.000446747
0.000446192
0.000445637
0.000445083
0.00044453
0.000443977
0.000443425
0.000442874
0.000442324
0.000441774
0.000441225
0.000440676
0.000440128
0.000439581
0.000439035
0.000438489
0.000437944
0.0004374
0.000436856
0.000436313
0.00043577
0.000435229
0.000434688
0.000434147
0.000433608
0.000433069
0.00043253
0.000431993
0.000431456
0.000430919
0.000430384
0.000429849
0.000429314
0.000428781
0.000428248
0.000427715
0.000427184
0.000426653
0.000426122
0.000425593
0.000425063
0.000424535
0.000424007
0.00042348
0.000422954
0.000422428
0.000421903
0.000421379
0.000420855
0.000420332
0.000419809
0.000419287
0.000418766
0.000418245
0.000417726
0.000417206
0.000416688
0.00041617
0.000415652
0.000415136
0.00041462
0.000414104
0.000413589
0.000413075
0.000412562
0.000412049
0.000411537
0.000411025
0.000410514
0.000410004
0.000409494
0.000408985
0.000408477
0.000407969
0.000407462
0.000406955
0.00040645
0.000405944
0.00040544
0.000404936
0.000404432
0.00040393
0.000403427
0.000402926
0.000402425
0.000401925
0.000401425
0.000400926
0.000400428
0.00039993
0.000399433
0.000398936
0.000398441
0.000397945
0.000397451
0.000396956
0.000396463
0.00039597
0.000395478
0.000394986
0.000394495
0.000394005
0.000393515
0.000393026
0.000392537
0.00039205
0.000391562
0.000391075
0.000390589
0.000390104
0.000389619
0.000389135
0.000388651
0.000388168
0.000387685
0.000387203
0.000386722
0.000386241
0.000385761
0.000385282
0.000384803
0.000384324
0.000383846
0.000383369
0.000382893
0.000382417
0.000381941
0.000381467
0.000380992
0.000380519
0.000380046
0.000379573
0.000379102
0.00037863
0.00037816
0.00037769
0.00037722
0.000376751
0.000376283
0.000375815
0.000375348
0.000374881
0.000374415
0.00037395
0.000373485
0.000373021
0.000372557
0.000372094
0.000371631
0.000371169
0.000370708
0.000370247
0.000369787
0.000369327
0.000368868
0.00036841
0.000367952
0.000367494
0.000367037
0.000366581
0.000366126
0.00036567
0.000365216
0.000364762
0.000364308
0.000363856
0.000363403
0.000362952
0.0003625
0.00036205
0.0003616
0.00036115
0.000360701
0.000360253
0.000359805
0.000359358
0.000358911
0.000358465
0.000358019
0.000357574
0.00035713
0.000356686
0.000356242
0.0003558
0.000355357
0.000354916
0.000354474
0.000354034
0.000353594
0.000353154
0.000352715
0.000352277
0.000351839
0.000351401
0.000350965
0.000350528
0.000350093
0.000349657
0.000349223
0.000348789
0.000348355
0.000347922
0.00034749
0.000347058
0.000346626
0.000346195
0.000345765
0.000345335
0.000344906
0.000344477
0.000344049
0.000343621
0.000343194
0.000342767
0.000342341
0.000341916
0.000341491
0.000341066
0.000340642
0.000340219
0.000339796
0.000339374
0.000338952
0.00033853
0.000338109
0.000337689
0.000337269
0.00033685
0.000336431
0.000336013
0.000335596
0.000335178
0.000334762
0.000334346
0.00033393
0.000333515
0.0003331
0.000332686
0.000332273
0.00033186
0.000331447
0.000331035
0.000330624
0.000330213
0.000329802
0.000329392
0.000328983
0.000328574
0.000328165
0.000327757
0.00032735
0.000326943
0.000326537
0.000326131
0.000325725
0.00032532
0.000324916
0.000324512
0.000324109
0.000323706
0.000323303
0.000322901
0.0003225
0.000322099
0.000321699
0.000321299
0.0003209
0.000320501
0.000320102
0.000319704
0.000319307
0.00031891
0.000318514
0.000318118
0.000317722
0.000317327
0.000316933
0.000316539
0.000316145
0.000315752
0.00031536
0.000314968
0.000314576
0.000314185
0.000313795
0.000313405
0.000313015
0.000312626
0.000312237
0.000311849
0.000311461
0.000311074
0.000310688
0.000310301
0.000309916
0.00030953
0.000309146
0.000308761
0.000308378
0.000307994
0.000307611
0.000307229
0.000306847
0.000306466
0.000306085
0.000305704
0.000305324
0.000304945
0.000304566
0.000304187
0.000303809
0.000303431
0.000303054
0.000302677
0.000302301
0.000301925
0.00030155
0.000301175
0.000300801
0.000300427
0.000300053
0.00029968
0.000299308
0.000298936
0.000298564
0.000298193
0.000297822
0.000297452
0.000297082
0.000296713
0.000296344
0.000295976
0.000295608
0.00029524
0.000294873
0.000294507
0.000294141
0.000293775
0.00029341
0.000293045
0.000292681
0.000292317
0.000291954
0.000291591
0.000291228
0.000290866
0.000290505
0.000290144
0.000289783
0.000289423
0.000289063
0.000288704
0.000288345
0.000287986
0.000287628
0.000287271
0.000286914
0.000286557
0.000286201
0.000285845
0.00028549
0.000285135
0.00028478
0.000284426
0.000284073
0.00028372
0.000283367
0.000283015
0.000282663
0.000282312
0.000281961
0.00028161
0.00028126
0.00028091
0.000280561
0.000280212
0.000279864
0.000279516
0.000279169
0.000278822
0.000278475
0.000278129
0.000277783
0.000277438
0.000277093
0.000276749
0.000276405
0.000276061
0.000275718
0.000275375
0.000275033
0.000274691
0.000274349
0.000274008
0.000273668
0.000273328
0.000272988
0.000272648
0.00027231
0.000271971
0.000271633
0.000271295
0.000270958
0.000270621
0.000270285
0.000269949
0.000269613
0.000269278
0.000268943
0.000268609
0.000268275
0.000267942
0.000267609
0.000267276
0.000266944
0.000266612
0.00026628
0.000265949
0.000265619
0.000265289
0.000264959
0.00026463
0.000264301
0.000263972
0.000263644
0.000263316
0.000262989
0.000262662
0.000262335
0.000262009
0.000261684
0.000261358
0.000261033
0.000260709
0.000260385
0.000260061
0.000259738
0.000259415
0.000259093
0.000258771
0.000258449
0.000258128
0.000257807
0.000257486
0.000257166
0.000256846
0.000256527
0.000256208
0.00025589
0.000255572
0.000255254
0.000254937
0.00025462
0.000254303
0.000253987
0.000253671
0.000253356
0.000253041
0.000252727
0.000252412
0.000252099
0.000251785
0.000251472
0.00025116
0.000250848
0.000250536
0.000250224
0.000249913
0.000249603
0.000249292
0.000248982
0.000248673
0.000248364
0.000248055
0.000247747
0.000247439
0.000247131
0.000246824
0.000246517
0.000246211
0.000245905
0.000245599
0.000245294
0.000244989
0.000244684
0.00024438
0.000244076
0.000243773
0.00024347
0.000243167
0.000242865
0.000242563
0.000242261
0.00024196
0.00024166
0.000241359
0.000241059
0.000240759
0.00024046
0.000240161
0.000239863
0.000239565
0.000239267
0.000238969
0.000238672
0.000238376
0.000238079
0.000237783
0.000237488
0.000237192
0.000236898
0.000236603
0.000236309
0.000236015
0.000235722
0.000235429
0.000235136
0.000234844
0.000234552
0.00023426
0.000233969
0.000233678
0.000233388
0.000233098
0.000232808
0.000232519
0.00023223
0.000231941
0.000231653
0.000231365
0.000231077
0.00023079
0.000230503
0.000230216
0.00022993
0.000229644
0.000229359
0.000229074
0.000228789
0.000228505
0.000228221
0.000227937
0.000227654
0.000227371
0.000227088
0.000226806
0.000226524
0.000226242
0.000225961
0.00022568
0.000225399
0.000225119
0.000224839
0.00022456
0.000224281
0.000224002
0.000223723
0.000223445
0.000223168
0.00022289
0.000222613
0.000222336
0.00022206
0.000221784
0.000221508
0.000221233
0.000220958
0.000220683
0.000220409
0.000220135
0.000219861
0.000219588
0.000219315
0.000219042
0.00021877
0.000218498
0.000218227
0.000217955
0.000217684
0.000217414
0.000217144
0.000216874
0.000216604
0.000216335
0.000216066
0.000215797
0.000215529
0.000215261
0.000214993
0.000214726
0.000214459
0.000214193
0.000213926
0.000213661
0.000213395
0.00021313
0.000212865
0.0002126
0.000212336
0.000212072
0.000211808
0.000211545
0.000211282
0.000211019
0.000210757
0.000210495
0.000210233
0.000209972
0.000209711
0.00020945
0.00020919
0.00020893
0.00020867
0.000208411
0.000208152
0.000207893
0.000207635
0.000207376
0.000207119
0.000206861
0.000206604
0.000206347
0.000206091
0.000205835
0.000205579
0.000205323
0.000205068
0.000204813
0.000204558
0.000204304
0.00020405
0.000203797
0.000203543
0.00020329
0.000203037
0.000202785
0.000202533
0.000202281
0.00020203
0.000201779
0.000201528
0.000201277
0.000201027
0.000200777
0.000200528
0.000200278
0.000200029
0.000199781
0.000199532
0.000199284
0.000199037
0.000198789
0.000198542
0.000198295
0.000198049
0.000197803
0.000197557
0.000197311
0.000197066
0.000196821
0.000196576
0.000196332
0.000196088
0.000195844
0.000195601
0.000195357
0.000195115
0.000194872
0.00019463
0.000194388
0.000194146
0.000193905
0.000193664
0.000193423
0.000193183
0.000192943
0.000192703
0.000192463
0.000192224
0.000191985
0.000191746
0.000191508
0.00019127
0.000191032
0.000190795
0.000190558
0.000190321
0.000190084
0.000189848
0.000189612
0.000189376
0.000189141
0.000188906
0.000188671
0.000188436
0.000188202
0.000187968
0.000187734
0.000187501
0.000187268
0.000187035
0.000186803
0.00018657
0.000186338
0.000186107
0.000185875
0.000185644
0.000185414
0.000185183
0.000184953
0.000184723
0.000184493
0.000184264
0.000184035
0.000183806
0.000183578
0.00018335
0.000183122
0.000182894
0.000182667
0.00018244
0.000182213
0.000181986
0.00018176
0.000181534
0.000181308
0.000181083
0.000180858
0.000180633
0.000180409
0.000180184
0.00017996
0.000179737
0.000179513
0.00017929
0.000179067
0.000178845
0.000178622
0.0001784
0.000178179
0.000177957
0.000177736
0.000177515
0.000177294
0.000177074
0.000176854
0.000176634
0.000176414
0.000176195
0.000175976
0.000175757
0.000175539
0.000175321
0.000175103
0.000174885
0.000174668
0.00017445
0.000174234
0.000174017
0.000173801
0.000173585
0.000173369
0.000173153
0.000172938
0.000172723
0.000172508
0.000172294
0.00017208
0.000171866
0.000171652
0.000171439
0.000171226
0.000171013
0.0001708
0.000170588
0.000170376
0.000170164
0.000169953
0.000169741
0.00016953
0.00016932
0.000169109
0.000168899
0.000168689
0.000168479
0.00016827
0.000168061
0.000167852
0.000167643
0.000167435
0.000167227
0.000167019
0.000166811
0.000166604
0.000166397
0.00016619
0.000165983
0.000165777
0.000165571
0.000165365
0.000165159
0.000164954
0.000164749
0.000164544
0.00016434
0.000164135
0.000163931
0.000163728
0.000163524
0.000163321
0.000163118
0.000162915
0.000162712
0.00016251
0.000162308
0.000162106
0.000161905
0.000161704
0.000161503
0.000161302
0.000161101
0.000160901
0.000160701
0.000160501
0.000160302
0.000160103
0.000159904
0.000159705
0.000159506
0.000159308
0.00015911
0.000158912
0.000158715
0.000158517
0.00015832
0.000158123
0.000157927
0.000157731
0.000157535
0.000157339
0.000157143
0.000156948
0.000156753
0.000156558
0.000156363
0.000156169
0.000155975
0.000155781
0.000155587
0.000155394
0.000155201
0.000155008
0.000154815
0.000154623
0.00015443
0.000154238
0.000154047
0.000153855
0.000153664
0.000153473
0.000153282
0.000153092
0.000152901
0.000152711
0.000152521
0.000152332
0.000152142
0.000151953
0.000151764
0.000151576
0.000151387
0.000151199
0.000151011
0.000150823
0.000150636
0.000150449
0.000150262
0.000150075
0.000149888
0.000149702
0.000149516
0.00014933
0.000149144
0.000148959
0.000148774
0.000148589
0.000148404
0.00014822
0.000148035
0.000147851
0.000147668
0.000147484
0.000147301
0.000147118
0.000146935
0.000146752
0.00014657
0.000146388
0.000146206
0.000146024
0.000145842
0.000145661
0.00014548
0.000145299
0.000145118
0.000144938
0.000144758
0.000144578
0.000144398
0.000144219
0.000144039
0.00014386
0.000143682
0.000143503
0.000143325
0.000143146
0.000142968
0.000142791
0.000142613
0.000142436
0.000142259
0.000142082
0.000141905
0.000141729
0.000141553
0.000141377
0.000141201
0.000141026
0.00014085
0.000140675
0.0001405
0.000140326
0.000140151
0.000139977
0.000139803
0.000139629
0.000139456
0.000139282
0.000139109
0.000138936
0.000138764
0.000138591
0.000138419
0.000138247
0.000138075
0.000137903
0.000137732
0.000137561
0.00013739
0.000137219
0.000137048
0.000136878
0.000136708
0.000136538
0.000136368
0.000136199
0.000136029
0.00013586
0.000135691
0.000135523
0.000135354
0.000135186
0.000135018
0.00013485
0.000134682
0.000134515
0.000134348
0.000134181
0.000134014
0.000133847
0.000133681
0.000133515
0.000133349
0.000133183
0.000133018
0.000132852
0.000132687
0.000132522
0.000132357
0.000132193
0.000132028
0.000131864
0.0001317
0.000131537
0.000131373
0.00013121
0.000131047
0.000130884
0.000130721
0.000130559
0.000130396
0.000130234
0.000130072
0.000129911
0.000129749
0.000129588
0.000129427
0.000129266
0.000129105
0.000128945
0.000128785
0.000128624
0.000128465
0.000128305
0.000128145
0.000127986
0.000127827
0.000127668
0.000127509
0.000127351
0.000127193
0.000127034
0.000126877
0.000126719
0.000126561
0.000126404
0.000126247
0.00012609
0.000125933
0.000125777
0.00012562
0.000125464
0.000125308
0.000125152
0.000124997
0.000124841
0.000124686
0.000124531
0.000124376
0.000124222
0.000124067
0.000123913
0.000123759
0.000123605
0.000123452
0.000123298
0.000123145
0.000122992
0.000122839
0.000122686
0.000122534
0.000122381
0.000122229
0.000122077
0.000121926
0.000121774
0.000121623
0.000121471
0.00012132
0.00012117
0.000121019
0.000120869
0.000120718
0.000120568
0.000120418
0.000120269
0.000120119
0.00011997
0.000119821
0.000119672
0.000119523
0.000119375
0.000119226
0.000119078
0.00011893
0.000118782
0.000118634
0.000118487
0.00011834
0.000118193
0.000118046
0.000117899
0.000117752
0.000117606
0.00011746
0.000117314
0.000117168
0.000117022
0.000116877
0.000116731
0.000116586
0.000116441
0.000116297
0.000116152
0.000116008
0.000115864
0.00011572
0.000115576
0.000115432
0.000115289
0.000115145
0.000115002
0.000114859
0.000114716
0.000114574
0.000114431
0.000114289
0.000114147
0.000114005
0.000113863
0.000113722
0.00011358
0.000113439
0.000113298
0.000113157
0.000113017
0.000112876
0.000112736
0.000112596
0.000112456
0.000112316
0.000112176
0.000112037
0.000111898
0.000111759
0.00011162
0.000111481
0.000111342
0.000111204
0.000111066
0.000110928
0.00011079
0.000110652
0.000110515
0.000110377
0.00011024
0.000110103
0.000109966
0.000109829
0.000109693
0.000109556
0.00010942
0.000109284
0.000109148
0.000109013
0.000108877
0.000108742
0.000108607
0.000108472
0.000108337
0.000108202
0.000108068
0.000107933
0.000107799
0.000107665
0.000107531
0.000107398
0.000107264
0.000107131
0.000106998
0.000106865
0.000106732
0.000106599
0.000106467
0.000106334
0.000106202
0.00010607
0.000105938
0.000105807
0.000105675
0.000105544
0.000105412
0.000105281
0.000105151
0.00010502
0.000104889
0.000104759
0.000104629
0.000104499
0.000104369
0.000104239
0.000104109
0.00010398
0.000103851
0.000103722
0.000103593
0.000103464
0.000103335
0.000103207
0.000103079
0.00010295
0.000102822
0.000102695
0.000102567
0.000102439
0.000102312
0.000102185
0.000102058
0.000101931
0.000101804
0.000101678
0.000101551
0.000101425
0.000101299
0.000101173
0.000101047
0.000100922
0.000100796
0.000100671
0.000100546
0.000100421
0.000100296
0.000100171
0.000100047
9.99225e-05
